       1    0.00000014    0.00000001   -0.00000012   -0.00000000    0.00020679    0.00000003
       2    0.00000079   -0.00000008    0.00000058    0.00000000   -0.00030204   -0.00000032
       3    0.00000057   -0.00000012    0.00000054   -0.00000001   -0.00006259   -0.00000059
       4    0.00000017   -0.00000000   -0.00000025   -0.00000001    0.00050015   -0.00000001
       5   -0.00000001   -0.00000006    0.00000061    0.00000001   -0.00025177   -0.00000045
       6   -0.00000019   -0.00000002    0.00000028   -0.00000001    0.00033842   -0.00000023
       7   -0.00000089   -0.00000001   -0.00000122    0.00000000   -0.00011539   -0.00000031
       8    0.00000117   -0.00000008    0.00000032    0.00000001   -0.00043843   -0.00000026
       9   -0.00000083   -0.00000004   -0.00000022    0.00000000   -0.00020745   -0.00000046
      10    0.00000104   -0.00000002   -0.00000031    0.00000001    0.00024043    0.00000016
      11   -0.00000007    0.00000000    0.00000042    0.00000001    0.00022615   -0.00000004
      12   -0.00000198    0.00000002   -0.00000060   -0.00000000   -0.00041531   -0.00000029
      13   -0.00000030   -0.00000006   -0.00000102    0.00000001    0.00003128   -0.00000058
      14    0.00000023   -0.00000002    0.00000046   -0.00000000    0.00067783   -0.00000002
      15    0.00000001   -0.00000008    0.00000031    0.00000000   -0.00016536   -0.00000057
      16    0.00000042   -0.00000010    0.00000006    0.00000000   -0.00006130   -0.00000056
      17   -0.00000107   -0.00000003   -0.00000053   -0.00000000   -0.00016311   -0.00000052
      18    0.00000002   -0.00000008   -0.00000044   -0.00000000   -0.00025987   -0.00000049
      19   -0.00000004   -0.00000006    0.00000075   -0.00000001   -0.00027787   -0.00000052
      20   -0.00000064   -0.00000003   -0.00000054    0.00000000   -0.00030207   -0.00000032
      21   -0.00000030   -0.00000002   -0.00000008    0.00000000   -0.00033468   -0.00000024
      22    0.00000035   -0.00000004   -0.00000118    0.00000000   -0.00011934   -0.00000027
      23    0.00000070   -0.00000001    0.00000158    0.00000000    0.00023097    0.00000001
      24   -0.00000095   -0.00000001   -0.00000065    0.00000001   -0.00010478   -0.00000031
      25   -0.00000057   -0.00000002    0.00000035   -0.00000000   -0.00048478   -0.00000014
      26    0.00000013   -0.00000002    0.00000012    0.00000000   -0.00051405   -0.00000013
      27    0.00000008    0.00000003   -0.00000022    0.00000000    0.00044763    0.00000009
      28   -0.00000046    0.00000000   -0.00000093   -0.00000000   -0.00014528   -0.00000018
      29    0.00000089   -0.00000009   -0.00000028    0.00000001    0.00011829   -0.00000033
      30    0.00000080   -0.00000005   -0.00000007   -0.00000000    0.00004967   -0.00000026
      31    0.00000056   -0.00000001   -0.00000054   -0.00000000    0.00049871   -0.00000003
      32    0.00000064   -0.00000008    0.00000132    0.00000001   -0.00000892   -0.00000046
      33    0.00000033   -0.00000006   -0.00000010   -0.00000000   -0.00024497   -0.00000033
      34    0.00000085   -0.00000003    0.00000010   -0.00000000    0.00022622   -0.00000004
      35   -0.00000049    0.00000004   -0.00000073   -0.00000001   -0.00003886    0.00000014
      36    0.00000013   -0.00000008    0.00000088    0.00000001    0.00004239   -0.00000051
      37   -0.00000025    0.00000000   -0.00000052    0.00000001   -0.00045402   -0.00000009
      38    0.00000037   -0.00000003   -0.00000016   -0.00000000   -0.00063622   -0.00000008
      39    0.00000043   -0.00000002    0.00000197    0.00000001   -0.00070822   -0.00000006
      40   -0.00000033    0.00000002    0.00000034    0.00000001    0.00020455    0.00000000
      41    0.00000005   -0.00000004   -0.00000016    0.00000000   -0.00040204   -0.00000019
      42   -0.00000010   -0.00000002    0.00000052   -0.00000000    0.00006686   -0.00000021
      43   -0.00000082   -0.00000002    0.00000029   -0.00000001   -0.00043550   -0.00000027
      44    0.00000001   -0.00000000   -0.00000016   -0.00000000    0.00041237   -0.00000005
      45   -0.00000008    0.00000001    0.00000038   -0.00000001    0.00068415    0.00000007
      46   -0.00000094   -0.00000003    0.00000087   -0.00000000   -0.00002384   -0.00000049
      47   -0.00000060   -0.00000008   -0.00000028    0.00000000    0.00003944   -0.00000060
      48   -0.00000014    0.00000002    0.00000109   -0.00000000   -0.00004362    0.00000014
      49    0.00000025   -0.00000004   -0.00000031   -0.00000000   -0.00024243   -0.00000029
      50   -0.00000041   -0.00000000    0.00000031    0.00000000   -0.00013062   -0.00000012
      51   -0.00000038   -0.00000008    0.00000144    0.00000001   -0.00027247   -0.00000056
      52    0.00000038   -0.00000002   -0.00000014    0.00000001    0.00035073   -0.00000007
      53   -0.00000035   -0.00000001    0.00000003    0.00000000    0.00040782   -0.00000013
      54   -0.00000028   -0.00000001   -0.00000032    0.00000000   -0.00019020   -0.00000025
      55    0.00000095   -0.00000004    0.00000007   -0.00000000    0.00034632   -0.00000012
      56   -0.00000055   -0.00000002   -0.00000036    0.00000000   -0.00062265   -0.00000014
      57   -0.00000026   -0.00000005   -0.00000034    0.00000000   -0.00031594   -0.00000038
      58   -0.00000029   -0.00000002   -0.00000010   -0.00000000   -0.00059836   -0.00000015
      59   -0.00000036    0.00000001    0.00000015    0.00000000    0.00021942   -0.00000008
      60    0.00000165   -0.00000006   -0.00000045   -0.00000000    0.00025612   -0.00000010
      61    0.00000023   -0.00000004    0.00000027    0.00000001   -0.00022687   -0.00000024
      62   -0.00000059    0.00000008   -0.00000084    0.00000000    0.00037326    0.00000037
      63   -0.00000069   -0.00000000   -0.00000027   -0.00000001    0.00026561   -0.00000021
      64    0.00000033    0.00000000    0.00000010    0.00000000    0.00015873    0.00000007
      65    0.00000050   -0.00000006    0.00000018    0.00000000   -0.00041521   -0.00000029
      66    0.00000029   -0.00000009   -0.00000058   -0.00000002   -0.00002046   -0.00000058
      67    0.00000019   -0.00000009   -0.00000141   -0.00000001   -0.00016706   -0.00000061
      68   -0.00000065   -0.00000005   -0.00000050   -0.00000001   -0.00005647   -0.00000040
      69   -0.00000003   -0.00000000   -0.00000037   -0.00000001    0.00059322    0.00000002
      70    0.00000009   -0.00000002   -0.00000015    0.00000000   -0.00059955   -0.00000015
      71   -0.00000135    0.00000002    0.00000045    0.00000000   -0.00003127   -0.00000014
      72    0.00000112   -0.00000007    0.00000062    0.00000001   -0.00024307   -0.00000030
      73    0.00000089   -0.00000009   -0.00000054   -0.00000001    0.00019013   -0.00000046
      74    0.00000076   -0.00000006   -0.00000046   -0.00000000   -0.00010206   -0.00000025
      75   -0.00000060    0.00000002    0.00000042    0.00000001    0.00014062    0.00000006
      76   -0.00000001   -0.00000008   -0.00000004    0.00000000    0.00003598   -0.00000066
      77   -0.00000012   -0.00000004    0.00000115    0.00000001   -0.00019810   -0.00000028
      78   -0.00000043   -0.00000006    0.00000084    0.00000000    0.00003147   -0.00000059
      79    0.00000137   -0.00000004    0.00000040    0.00000000   -0.00069347   -0.00000002
      80   -0.00000031    0.00000002    0.00000057    0.00000001    0.00060614    0.00000008
      81    0.00000059   -0.00000010    0.00000033    0.00000001   -0.00001752   -0.00000061
      82   -0.00000010   -0.00000004   -0.00000071    0.00000000   -0.00028623   -0.00000037
      83    0.00000002   -0.00000004    0.00000009    0.00000000   -0.00032338   -0.00000028
      84   -0.00000018   -0.00000002   -0.00000038    0.00000000   -0.00009383   -0.00000010
      85   -0.00000013   -0.00000002   -0.00000038    0.00000000   -0.00039456   -0.00000017
      86    0.00000004   -0.00000001    0.00000109   -0.00000001    0.00040765   -0.00000013
      87    0.00000003   -0.00000003   -0.00000131   -0.00000000   -0.00013711   -0.00000015
      88   -0.00000024   -0.00000002   -0.00000115   -0.00000001   -0.00029365   -0.00000028
      89   -0.00000028   -0.00000001    0.00000017   -0.00000001    0.00006376   -0.00000017
      90   -0.00000066   -0.00000006   -0.00000003   -0.00000001   -0.00017792   -0.00000051
      91   -0.00000006   -0.00000000   -0.00000086   -0.00000000   -0.00035910   -0.00000005
      92   -0.00000059   -0.00000001    0.00000116    0.00000000   -0.00014778   -0.00000020
      93   -0.00000094    0.00000005    0.00000015    0.00000001    0.00047451    0.00000016
      94   -0.00000016   -0.00000006   -0.00000053   -0.00000000   -0.00025554   -0.00000047
      95   -0.00000043   -0.00000005    0.00000018    0.00000001   -0.00000800   -0.00000043
      96   -0.00000005   -0.00000004   -0.00000063   -0.00000001   -0.00019013   -0.00000025
      97   -0.00000077   -0.00000001   -0.00000144   -0.00000001    0.00016709   -0.00000023
      98    0.00000024   -0.00000004    0.00000011   -0.00000001   -0.00044406   -0.00000019
      99    0.00000020   -0.00000003   -0.00000090    0.00000001   -0.00019494   -0.00000026
     100   -0.00000011    0.00000002    0.00000054    0.00000000    0.00020588    0.00000002
     101    0.00000132   -0.00000013    0.00000027   -0.00000001   -0.00017540   -0.00000057
     102   -0.00000048   -0.00000000    0.00000041   -0.00000000    0.00025738   -0.00000014
     103    0.00000156   -0.00000005    0.00000059    0.00000001    0.00022517   -0.00000004
     104   -0.00000025   -0.00000008   -0.00000112    0.00000000   -0.00021170   -0.00000051
     105    0.00000007   -0.00000006   -0.00000031    0.00000000   -0.00031315   -0.00000040
     106    0.00000065   -0.00000011    0.00000002   -0.00000001    0.00017803   -0.00000065
     107    0.00000014   -0.00000007   -0.00000011    0.00000001   -0.00025328   -0.00000046
     108    0.00000077   -0.00000002    0.00000077   -0.00000001   -0.00003549    0.00000003
     109   -0.00000056   -0.00000003   -0.00000027    0.00000000   -0.00022333   -0.00000034
     110   -0.00000069   -0.00000007   -0.00000017    0.00000000    0.00017826   -0.00000065
     111   -0.00000000   -0.00000009   -0.00000046    0.00000001   -0.00017301   -0.00000060
     112    0.00000098   -0.00000009    0.00000020    0.00000000   -0.00020668   -0.00000044
     113    0.00000007   -0.00000001   -0.00000076   -0.00000001    0.00000577   -0.00000008
     114   -0.00000018   -0.00000001    0.00000055    0.00000000    0.00000093   -0.00000014
     115   -0.00000041   -0.00000003    0.00000008   -0.00000000   -0.00000516   -0.00000032
     116    0.00000149   -0.00000012    0.00000159    0.00000000   -0.00006123   -0.00000055
     117   -0.00000071    0.00000000    0.00000060    0.00000000   -0.00055995   -0.00000009
     118    0.00000034   -0.00000002    0.00000073   -0.00000000    0.00034875   -0.00000009
     119   -0.00000046   -0.00000004   -0.00000011    0.00000001    0.00012454   -0.00000039
     120    0.00000017   -0.00000010    0.00000009    0.00000002   -0.00017706   -0.00000054
     121   -0.00000028   -0.00000005   -0.00000029   -0.00000000   -0.00021813   -0.00000045
     122   -0.00000036    0.00000001    0.00000073    0.00000000    0.00059288    0.00000002
     123   -0.00000049    0.00000005    0.00000080   -0.00000000    0.00044129    0.00000007
     124   -0.00000030   -0.00000001   -0.00000083   -0.00000000    0.00001639   -0.00000016
     125   -0.00000003   -0.00000005   -0.00000070   -0.00000000   -0.00010941   -0.00000034
     126    0.00000006    0.00000001    0.00000017    0.00000000    0.00029436    0.00000004
     127    0.00000020   -0.00000004    0.00000043   -0.00000000   -0.00011889   -0.00000028
     128   -0.00000050   -0.00000006   -0.00000030    0.00000000   -0.00021043   -0.00000051
     129    0.00000143   -0.00000008   -0.00000042    0.00000001    0.00007036   -0.00000024
     130   -0.00000036   -0.00000006   -0.00000010   -0.00000000    0.00019009   -0.00000047
     131    0.00000036   -0.00000007   -0.00000070   -0.00000000   -0.00020617   -0.00000044
     132    0.00000045   -0.00000001    0.00000005   -0.00000000    0.00029601    0.00000004
     133    0.00000081   -0.00000005    0.00000076   -0.00000001    0.00002150   -0.00000030
     134   -0.00000013   -0.00000007   -0.00000090   -0.00000001    0.00004228   -0.00000052
     135   -0.00000103    0.00000005   -0.00000058   -0.00000000    0.00031276    0.00000012
     136    0.00000127   -0.00000002    0.00000059    0.00000000    0.00028024    0.00000007
     137   -0.00000060   -0.00000001    0.00000062   -0.00000001    0.00009727   -0.00000021
     138   -0.00000056    0.00000001    0.00000079    0.00000001    0.00006112   -0.00000012
     139    0.00000062   -0.00000003    0.00000051   -0.00000001   -0.00090158   -0.00000008
     140   -0.00000011    0.00000001    0.00000026   -0.00000001    0.00054540    0.00000005
     141    0.00000049   -0.00000001    0.00000029    0.00000000    0.00035367   -0.00000001
     142    0.00000019   -0.00000004    0.00000110    0.00000000    0.00008287   -0.00000019
     143    0.00000060   -0.00000006    0.00000085   -0.00000000   -0.00041392   -0.00000028
     144   -0.00000078    0.00000004    0.00000029    0.00000001    0.00054340    0.00000003
     145    0.00000022   -0.00000002    0.00000009    0.00000000   -0.00036699   -0.00000017
     146    0.00000031   -0.00000001   -0.00000093    0.00000001    0.00064159    0.00000006
     147   -0.00000088   -0.00000001   -0.00000173    0.00000000    0.00016676   -0.00000021
     148    0.00000073   -0.00000005   -0.00000112    0.00000000    0.00013266   -0.00000019
     149   -0.00000019   -0.00000005   -0.00000017    0.00000000   -0.00030551   -0.00000036
     150   -0.00000007   -0.00000005   -0.00000034    0.00000000   -0.00032278   -0.00000029
     151   -0.00000023   -0.00000000   -0.00000041    0.00000000    0.00021823   -0.00000008
     152    0.00000035   -0.00000002   -0.00000113   -0.00000000    0.00019749   -0.00000011
     153    0.00000032   -0.00000008    0.00000049   -0.00000000   -0.00016482   -0.00000056
     154   -0.00000140   -0.00000003    0.00000061   -0.00000001   -0.00026247   -0.00000052
     155   -0.00000123   -0.00000002   -0.00000016   -0.00000001   -0.00025997   -0.00000049
     156   -0.00000010   -0.00000002   -0.00000124    0.00000002   -0.00019573   -0.00000026
     157    0.00000021   -0.00000002    0.00000119   -0.00000000   -0.00013577   -0.00000014
     158   -0.00000030    0.00000001   -0.00000023   -0.00000001   -0.00055449   -0.00000004
     159    0.00000038   -0.00000003    0.00000035    0.00000000    0.00026956   -0.00000015
     160   -0.00000083   -0.00000004   -0.00000021   -0.00000001   -0.00024821   -0.00000040
     161    0.00000003    0.00000001    0.00000116    0.00000000    0.00062909    0.00000010
     162   -0.00000036    0.00000002   -0.00000018   -0.00000001    0.00058924    0.00000005
     163    0.00000103   -0.00000008   -0.00000057    0.00000001    0.00002452   -0.00000038
     164   -0.00000027   -0.00000000    0.00000027   -0.00000001   -0.00072030   -0.00000012
     165   -0.00000045   -0.00000004   -0.00000056    0.00000000   -0.00007403   -0.00000038
     166   -0.00000027    0.00000002    0.00000073    0.00000001    0.00089015    0.00000005
     167   -0.00000068   -0.00000002    0.00000077    0.00000000    0.00033719   -0.00000025
     168   -0.00000086    0.00000004    0.00000114    0.00000001    0.00055209    0.00000007
     169    0.00000056   -0.00000007    0.00000062   -0.00000000   -0.00024620   -0.00000035
     170    0.00000103   -0.00000004   -0.00000007   -0.00000000    0.00025452   -0.00000004
     171   -0.00000035   -0.00000002    0.00000074   -0.00000000   -0.00023136   -0.00000014
     172   -0.00000015   -0.00000007   -0.00000032   -0.00000000    0.00018826   -0.00000056
     173   -0.00000042   -0.00000002    0.00000087   -0.00000000   -0.00019676   -0.00000027
     174   -0.00000060   -0.00000004   -0.00000065    0.00000000   -0.00010798   -0.00000035
     175    0.00000002   -0.00000005   -0.00000071   -0.00000000    0.00012087   -0.00000036
     176   -0.00000048    0.00000004   -0.00000139    0.00000000   -0.00004307    0.00000014
     177    0.00000029    0.00000000    0.00000043   -0.00000001    0.00031063    0.00000014
     178    0.00000042    0.00000000    0.00000168   -0.00000000    0.00028681    0.00000005
     179   -0.00000092    0.00000003    0.00000004   -0.00000000    0.00020116   -0.00000004
     180   -0.00000044   -0.00000000   -0.00000059    0.00000001   -0.00012502   -0.00000017
     181    0.00000079   -0.00000008   -0.00000039    0.00000001   -0.00022168   -0.00000039
     182   -0.00000060   -0.00000006    0.00000107    0.00000001   -0.00021481   -0.00000049
     183    0.00000004   -0.00000002    0.00000069   -0.00000000    0.00032670   -0.00000017
     184    0.00000085   -0.00000004    0.00000050   -0.00000000   -0.00009857   -0.00000017
     185    0.00000009   -0.00000003    0.00000049    0.00000000    0.00032506   -0.00000014
     186    0.00000013   -0.00000002   -0.00000060   -0.00000001    0.00034998   -0.00000008
     187   -0.00000044   -0.00000008    0.00000034    0.00000000   -0.00006192   -0.00000058
     188   -0.00000043   -0.00000005   -0.00000084    0.00000000   -0.00021548   -0.00000049
     189    0.00000052   -0.00000002    0.00000108   -0.00000000   -0.00068140   -0.00000002
     190    0.00000016   -0.00000003   -0.00000042    0.00000000   -0.00053115   -0.00000015
     191    0.00000038   -0.00000006   -0.00000041   -0.00000000    0.00019370   -0.00000029
     192   -0.00000004   -0.00000008    0.00000005    0.00000001   -0.00001192   -0.00000054
     193   -0.00000012   -0.00000002    0.00000076    0.00000002   -0.00014216   -0.00000017
     194    0.00000021   -0.00000000    0.00000133   -0.00000001    0.00057148    0.00000007
     195   -0.00000027   -0.00000002    0.00000006   -0.00000000    0.00001654   -0.00000016
     196   -0.00000027   -0.00000004    0.00000001    0.00000002    0.00006645   -0.00000021
     197    0.00000026   -0.00000004   -0.00000040    0.00000000    0.00033544   -0.00000025
     198   -0.00000007   -0.00000002   -0.00000133    0.00000001    0.00001549   -0.00000014
     199   -0.00000049   -0.00000009   -0.00000043    0.00000001    0.00018032   -0.00000066
     200   -0.00000049   -0.00000006    0.00000080    0.00000001   -0.00001434   -0.00000059
     201   -0.00000018   -0.00000005   -0.00000073   -0.00000000   -0.00020521   -0.00000041
     202   -0.00000063   -0.00000002    0.00000010   -0.00000000    0.00011865   -0.00000033
     203    0.00000094   -0.00000006    0.00000043   -0.00000001    0.00006948   -0.00000024
     204   -0.00000151    0.00000001    0.00000052   -0.00000000   -0.00010155   -0.00000025
     205    0.00000064   -0.00000001   -0.00000013   -0.00000001    0.00022934   -0.00000002
     206   -0.00000080    0.00000002    0.00000024    0.00000000    0.00022502   -0.00000005
     207    0.00000017   -0.00000005    0.00000078    0.00000001   -0.00010941   -0.00000034
     208    0.00000041   -0.00000004    0.00000015    0.00000001    0.00009192   -0.00000020
     209   -0.00000006   -0.00000003    0.00000013   -0.00000000    0.00006518   -0.00000020
     210   -0.00000065   -0.00000002    0.00000093   -0.00000000   -0.00042364   -0.00000032
     211   -0.00000068   -0.00000000   -0.00000002    0.00000001    0.00011251   -0.00000022
     212    0.00000083   -0.00000003    0.00000021    0.00000000   -0.00058085   -0.00000004
     213    0.00000066   -0.00000004    0.00000003   -0.00000000    0.00009792   -0.00000021
     214    0.00000111   -0.00000006   -0.00000102   -0.00000000   -0.00000044   -0.00000017
     215   -0.00000072    0.00000001    0.00000085    0.00000000   -0.00054247   -0.00000002
     216    0.00000055   -0.00000006   -0.00000030    0.00000001    0.00012424   -0.00000039
     217    0.00000040   -0.00000003    0.00000099   -0.00000001   -0.00060005   -0.00000015
     218   -0.00000044   -0.00000001   -0.00000064    0.00000000    0.00009417   -0.00000020
     219   -0.00000055   -0.00000004   -0.00000025   -0.00000000    0.00002551   -0.00000040
     220    0.00000054    0.00000002    0.00000076   -0.00000000    0.00036352    0.00000018
     221    0.00000091   -0.00000012   -0.00000125   -0.00000000    0.00003363   -0.00000063
     222   -0.00000106   -0.00000004    0.00000052    0.00000000   -0.00026690   -0.00000056
     223   -0.00000051   -0.00000003   -0.00000042   -0.00000001   -0.00024149   -0.00000028
     224   -0.00000057   -0.00000002    0.00000089    0.00000000   -0.00030528   -0.00000036
     225    0.00000013   -0.00000003   -0.00000029    0.00000000   -0.00033335   -0.00000024
     226   -0.00000128   -0.00000005    0.00000056   -0.00000001   -0.00006791   -0.00000061
     227   -0.00000011   -0.00000000   -0.00000065    0.00000001    0.00005554   -0.00000007
     228   -0.00000019   -0.00000005    0.00000075   -0.00000000   -0.00002758   -0.00000034
     229    0.00000025   -0.00000004   -0.00000028    0.00000001   -0.00000084   -0.00000019
     230    0.00000026   -0.00000006   -0.00000039   -0.00000001    0.00012269   -0.00000038
     231    0.00000011   -0.00000004   -0.00000016   -0.00000000    0.00009846   -0.00000021
     232   -0.00000074   -0.00000005   -0.00000047   -0.00000002    0.00018919   -0.00000052
     233   -0.00000028   -0.00000001   -0.00000013   -0.00000001   -0.00055959   -0.00000009
     234   -0.00000049   -0.00000006    0.00000072    0.00000000    0.00003052   -0.00000057
     235   -0.00000067   -0.00000006    0.00000027    0.00000000   -0.00016644   -0.00000060
     236   -0.00000044   -0.00000002   -0.00000072    0.00000001    0.00008266   -0.00000019
     237    0.00000034   -0.00000004    0.00000084    0.00000001   -0.00011848   -0.00000028
     238    0.00000078   -0.00000002   -0.00000063   -0.00000000    0.00036029    0.00000010
     239   -0.00000005   -0.00000005   -0.00000018   -0.00000000   -0.00022148   -0.00000039
     240    0.00000068   -0.00000002    0.00000097   -0.00000001    0.00020940    0.00000003
     241    0.00000092   -0.00000006   -0.00000003   -0.00000000   -0.00049513   -0.00000018
     242    0.00000093   -0.00000008   -0.00000064   -0.00000000    0.00012195   -0.00000037
     243   -0.00000017   -0.00000002   -0.00000184    0.00000000    0.00013380   -0.00000016
     244   -0.00000050   -0.00000002    0.00000084    0.00000001   -0.00037573   -0.00000020
     245    0.00000041   -0.00000005    0.00000059    0.00000000    0.00006327   -0.00000016
     246   -0.00000107    0.00000000   -0.00000118    0.00000000    0.00040223   -0.00000014
     247   -0.00000041    0.00000003    0.00000079    0.00000001    0.00043702    0.00000010
     248    0.00000023   -0.00000009    0.00000072    0.00000000   -0.00026957   -0.00000057
     249    0.00000008    0.00000000    0.00000046   -0.00000000    0.00035687    0.00000005
     250   -0.00000002   -0.00000001   -0.00000087    0.00000001    0.00021658   -0.00000006
     251   -0.00000027   -0.00000001   -0.00000052    0.00000000    0.00000108   -0.00000013
     252   -0.00000040   -0.00000002    0.00000079   -0.00000001    0.00026284   -0.00000022
     253   -0.00000032   -0.00000001   -0.00000056    0.00000000   -0.00038271   -0.00000017
     254   -0.00000014   -0.00000002   -0.00000014   -0.00000000   -0.00060962   -0.00000014
     255   -0.00000030    0.00000002    0.00000137    0.00000001    0.00071294    0.00000006
     256   -0.00000126   -0.00000001   -0.00000029    0.00000001   -0.00011627   -0.00000031
     257   -0.00000042    0.00000004   -0.00000150   -0.00000000    0.00058448    0.00000008
     258    0.00000011   -0.00000008    0.00000029   -0.00000001    0.00018509   -0.00000062
     259   -0.00000118    0.00000001    0.00000001   -0.00000000    0.00011609   -0.00000028
     260   -0.00000054   -0.00000001    0.00000009    0.00000000    0.00010189   -0.00000018
     261    0.00000117   -0.00000001   -0.00000105    0.00000000    0.00073966    0.00000013
     262    0.00000016   -0.00000006   -0.00000088   -0.00000000   -0.00016021   -0.00000043
     263   -0.00000038    0.00000003    0.00000110    0.00000000    0.00038856    0.00000014
     264    0.00000105   -0.00000004    0.00000033   -0.00000000    0.00067579   -0.00000003
     265   -0.00000004   -0.00000009   -0.00000042   -0.00000001   -0.00016642   -0.00000060
     266   -0.00000117    0.00000003    0.00000007   -0.00000001    0.00041192   -0.00000007
     267   -0.00000032   -0.00000000    0.00000069   -0.00000000   -0.00009567   -0.00000013
     268   -0.00000061    0.00000001   -0.00000058   -0.00000000    0.00020183   -0.00000003
     269   -0.00000063    0.00000002    0.00000025    0.00000001    0.00056971    0.00000006
     270    0.00000047   -0.00000002   -0.00000014   -0.00000000    0.00049403   -0.00000003
     271   -0.00000147    0.00000006    0.00000012    0.00000001    0.00041813    0.00000010
     272    0.00000063   -0.00000010    0.00000052   -0.00000001    0.00018811   -0.00000056
     273   -0.00000060   -0.00000002    0.00000078    0.00000000   -0.00010182   -0.00000025
     274   -0.00000045   -0.00000000   -0.00000057   -0.00000001   -0.00048232   -0.00000012
     275   -0.00000066    0.00000001    0.00000074   -0.00000001    0.00053602    0.00000002
     276   -0.00000032    0.00000001    0.00000004   -0.00000000    0.00020565    0.00000001
     277   -0.00000066   -0.00000003    0.00000133    0.00000001   -0.00024583   -0.00000035
     278   -0.00000012   -0.00000001   -0.00000019    0.00000001   -0.00012996   -0.00000012
     279    0.00000016   -0.00000004    0.00000028   -0.00000000    0.00007583   -0.00000024
     280   -0.00000078   -0.00000005   -0.00000059    0.00000000   -0.00025164   -0.00000045
     281    0.00000116   -0.00000003   -0.00000028    0.00000001    0.00044352    0.00000007
     282    0.00000000   -0.00000008   -0.00000002   -0.00000002   -0.00020909   -0.00000049
     283   -0.00000076   -0.00000001   -0.00000082    0.00000001    0.00026666   -0.00000021
     284   -0.00000013    0.00000001    0.00000019   -0.00000001    0.00028919    0.00000004
     285   -0.00000016   -0.00000004   -0.00000001    0.00000000    0.00011799   -0.00000032
     286    0.00000038   -0.00000005   -0.00000023   -0.00000000   -0.00043960   -0.00000024
     287   -0.00000050    0.00000000    0.00000028   -0.00000001    0.00022226   -0.00000006
     288   -0.00000095   -0.00000002    0.00000033    0.00000000    0.00004824   -0.00000032
     289   -0.00000075   -0.00000000   -0.00000043    0.00000001   -0.00000191   -0.00000022
     290   -0.00000066   -0.00000006    0.00000038    0.00000000   -0.00016381   -0.00000053
     291    0.00000058   -0.00000001   -0.00000153   -0.00000000   -0.00003547    0.00000003
     292    0.00000130   -0.00000007    0.00000006    0.00000001   -0.00013924   -0.00000016
     293    0.00000018   -0.00000003    0.00000042   -0.00000000   -0.00038013   -0.00000019
     294   -0.00000079   -0.00000007   -0.00000059   -0.00000000   -0.00016732   -0.00000061
     295    0.00000005   -0.00000003   -0.00000063   -0.00000001   -0.00048367   -0.00000013
     296    0.00000041   -0.00000002   -0.00000024   -0.00000001    0.00054157    0.00000002
     297   -0.00000074    0.00000000   -0.00000028   -0.00000001    0.00001474   -0.00000012
     298   -0.00000079   -0.00000006   -0.00000040   -0.00000000   -0.00017035   -0.00000062
     299    0.00000089   -0.00000011   -0.00000019    0.00000001   -0.00006126   -0.00000056
     300   -0.00000004    0.00000006    0.00000013    0.00000001    0.00036571    0.00000024
     301   -0.00000041   -0.00000005   -0.00000054   -0.00000001   -0.00020559   -0.00000043
     302    0.00000014   -0.00000009    0.00000037   -0.00000000   -0.00016880   -0.00000061
     303   -0.00000035   -0.00000005    0.00000067    0.00000002   -0.00016179   -0.00000048
     304    0.00000027   -0.00000004   -0.00000064    0.00000000    0.00011717   -0.00000031
     305   -0.00000038   -0.00000001   -0.00000047    0.00000000   -0.00039271   -0.00000016
     306   -0.00000042   -0.00000001   -0.00000005   -0.00000001    0.00010319   -0.00000015
     307   -0.00000035   -0.00000002   -0.00000036    0.00000001    0.00009855   -0.00000021
     308    0.00000138   -0.00000006   -0.00000086   -0.00000001    0.00034206   -0.00000018
     309   -0.00000117    0.00000001    0.00000034    0.00000001   -0.00051968   -0.00000018
     310    0.00000098   -0.00000007    0.00000099   -0.00000000   -0.00022405   -0.00000033
     311    0.00000045   -0.00000004   -0.00000122   -0.00000000   -0.00034425   -0.00000017
     312    0.00000052   -0.00000010   -0.00000151   -0.00000001    0.00004035   -0.00000058
     313   -0.00000086   -0.00000002   -0.00000009    0.00000000    0.00007182   -0.00000025
     314   -0.00000020   -0.00000006    0.00000021   -0.00000001    0.00004276   -0.00000050
     315    0.00000080   -0.00000005   -0.00000095   -0.00000001    0.00005255   -0.00000016
     316    0.00000154   -0.00000004   -0.00000005   -0.00000000    0.00014002    0.00000005
     317   -0.00000009    0.00000004   -0.00000142   -0.00000000    0.00036437    0.00000020
     318   -0.00000132   -0.00000006    0.00000027    0.00000001    0.00018016   -0.00000066
     319   -0.00000019   -0.00000003    0.00000046    0.00000000   -0.00038190   -0.00000018
     320   -0.00000031    0.00000001   -0.00000016   -0.00000000    0.00023164    0.00000001
     321   -0.00000030   -0.00000006   -0.00000107    0.00000000   -0.00000998   -0.00000049
     322    0.00000088   -0.00000009    0.00000064   -0.00000000   -0.00017957   -0.00000047
     323   -0.00000035    0.00000000    0.00000017    0.00000001    0.00022278   -0.00000005
     324   -0.00000032    0.00000004   -0.00000036   -0.00000000    0.00023927    0.00000015
     325    0.00000034   -0.00000001   -0.00000099    0.00000001    0.00049209   -0.00000001
     326    0.00000064   -0.00000004    0.00000038   -0.00000002    0.00000096   -0.00000013
     327   -0.00000001   -0.00000010    0.00000062    0.00000000   -0.00001870   -0.00000062
     328   -0.00000010    0.00000004   -0.00000020   -0.00000001    0.00024322    0.00000017
     329    0.00000012   -0.00000010    0.00000046    0.00000000    0.00003674   -0.00000064
     330   -0.00000006   -0.00000001   -0.00000094   -0.00000001    0.00027032   -0.00000013
     331    0.00000078   -0.00000005   -0.00000012    0.00000000    0.00009669   -0.00000021
     332   -0.00000105   -0.00000002   -0.00000079   -0.00000000    0.00004932   -0.00000028
     333    0.00000027   -0.00000000   -0.00000048    0.00000000    0.00071206    0.00000005
     334   -0.00000144    0.00000008    0.00000012    0.00000001    0.00066331    0.00000012
     335    0.00000047   -0.00000006   -0.00000035   -0.00000001    0.00012686   -0.00000034
     336    0.00000021   -0.00000009    0.00000060   -0.00000000    0.00018412   -0.00000064
     337   -0.00000048    0.00000002   -0.00000089    0.00000001    0.00035928    0.00000008
     338    0.00000035   -0.00000002    0.00000054   -0.00000002   -0.00014272   -0.00000017
     339   -0.00000050   -0.00000004   -0.00000038    0.00000000    0.00012541   -0.00000037
     340    0.00000024   -0.00000002   -0.00000043    0.00000000    0.00039747   -0.00000008
     341    0.00000051   -0.00000006   -0.00000041    0.00000000   -0.00042789   -0.00000030
     342    0.00000080   -0.00000004    0.00000007   -0.00000000    0.00021916   -0.00000008
     343    0.00000020   -0.00000007   -0.00000064   -0.00000000   -0.00030924   -0.00000041
     344    0.00000052   -0.00000005   -0.00000063    0.00000001   -0.00019924   -0.00000029
     345   -0.00000045   -0.00000002   -0.00000027   -0.00000000    0.00026890   -0.00000017
     346    0.00000032   -0.00000003   -0.00000116    0.00000000    0.00033424   -0.00000025
     347   -0.00000030   -0.00000005    0.00000074    0.00000000   -0.00030062   -0.00000031
     348   -0.00000050   -0.00000009    0.00000083    0.00000001    0.00003590   -0.00000066
     349   -0.00000037   -0.00000006   -0.00000100   -0.00000001    0.00004438   -0.00000045
     350    0.00000020    0.00000001   -0.00000035   -0.00000000    0.00052594    0.00000007
     351    0.00000149   -0.00000010    0.00000047   -0.00000000   -0.00002717   -0.00000036
     352    0.00000040   -0.00000010    0.00000025   -0.00000001   -0.00016997   -0.00000062
     353   -0.00000006   -0.00000007   -0.00000075   -0.00000000   -0.00028129   -0.00000047
     354   -0.00000047   -0.00000007    0.00000070   -0.00000000    0.00018594   -0.00000060
     355    0.00000045   -0.00000000    0.00000012   -0.00000000    0.00030153    0.00000011
     356    0.00000034   -0.00000001    0.00000046    0.00000000    0.00031690    0.00000005
     357   -0.00000071    0.00000001   -0.00000074   -0.00000000    0.00021684   -0.00000006
     358   -0.00000041   -0.00000002   -0.00000066    0.00000000   -0.00011226   -0.00000034
     359    0.00000033   -0.00000010   -0.00000146    0.00000000   -0.00006589   -0.00000061
     360    0.00000008   -0.00000007    0.00000037   -0.00000000    0.00018803   -0.00000056
     361    0.00000002   -0.00000004    0.00000105    0.00000000   -0.00022391   -0.00000033
     362    0.00000115   -0.00000013   -0.00000003    0.00000001   -0.00017047   -0.00000062
     363    0.00000086   -0.00000003   -0.00000127   -0.00000000    0.00067595   -0.00000003
     364    0.00000055   -0.00000006    0.00000015   -0.00000001   -0.00015720   -0.00000033
     365   -0.00000003   -0.00000009    0.00000035   -0.00000001   -0.00025673   -0.00000048
     366    0.00000084   -0.00000002   -0.00000001   -0.00000000    0.00020572    0.00000002
     367   -0.00000002   -0.00000003   -0.00000033    0.00000000   -0.00000487   -0.00000031
     368   -0.00000063    0.00000001   -0.00000015    0.00000001   -0.00004936   -0.00000003
     369   -0.00000051   -0.00000003    0.00000125   -0.00000000   -0.00019947   -0.00000029
     370   -0.00000077    0.00000002    0.00000111    0.00000000    0.00049746   -0.00000003
     371   -0.00000142    0.00000007    0.00000132    0.00000001    0.00015595    0.00000013
     372   -0.00000129    0.00000002   -0.00000038   -0.00000000   -0.00013805   -0.00000015
     373    0.00000124   -0.00000006    0.00000121    0.00000001    0.00009697   -0.00000021
     374    0.00000047   -0.00000005    0.00000053    0.00000000   -0.00033721   -0.00000024
     375    0.00000039   -0.00000009    0.00000070   -0.00000000   -0.00027401   -0.00000056
     376   -0.00000034    0.00000003    0.00000115   -0.00000000    0.00042276    0.00000017
     377   -0.00000013    0.00000003   -0.00000066   -0.00000001   -0.00003940    0.00000014
     378    0.00000019   -0.00000007    0.00000021    0.00000000    0.00002837   -0.00000050
     379   -0.00000026   -0.00000001    0.00000079    0.00000001    0.00001629   -0.00000016
     380    0.00000066   -0.00000011   -0.00000041    0.00000001   -0.00026561   -0.00000055
     381   -0.00000029   -0.00000008    0.00000069   -0.00000001   -0.00017565   -0.00000057
     382   -0.00000005   -0.00000001   -0.00000074    0.00000000    0.00034788   -0.00000010
     383   -0.00000043   -0.00000001   -0.00000027    0.00000000    0.00013255   -0.00000020
     384    0.00000027   -0.00000000    0.00000015    0.00000001    0.00084360    0.00000006
     385   -0.00000054   -0.00000004    0.00000048    0.00000002   -0.00010509   -0.00000031
     386   -0.00000049   -0.00000003    0.00000051   -0.00000000    0.00019407   -0.00000028
     387   -0.00000140    0.00000002   -0.00000044   -0.00000000    0.00021848   -0.00000008
     388   -0.00000011    0.00000002    0.00000000    0.00000000    0.00031827    0.00000002
     389    0.00000023   -0.00000006   -0.00000034    0.00000000   -0.00042073   -0.00000031
     390    0.00000032   -0.00000000    0.00000041    0.00000000   -0.00046127   -0.00000003
     391   -0.00000036   -0.00000001    0.00000082   -0.00000000   -0.00012393   -0.00000020
     392   -0.00000149    0.00000007    0.00000004   -0.00000001    0.00030129    0.00000010
     393   -0.00000052    0.00000004   -0.00000098   -0.00000001    0.00039121    0.00000007
     394   -0.00000057    0.00000001   -0.00000011   -0.00000001   -0.00009608   -0.00000013
     395    0.00000019   -0.00000004   -0.00000053   -0.00000000    0.00008445   -0.00000019
     396   -0.00000041   -0.00000007   -0.00000007   -0.00000000    0.00018315   -0.00000065
     397    0.00000010    0.00000001   -0.00000006    0.00000001    0.00043892    0.00000008
     398    0.00000062   -0.00000006   -0.00000004   -0.00000000   -0.00000304   -0.00000024
     399   -0.00000055   -0.00000001   -0.00000040    0.00000000    0.00009117   -0.00000020
     400   -0.00000044   -0.00000005   -0.00000028    0.00000001   -0.00020804   -0.00000047
     401   -0.00000008   -0.00000008   -0.00000088   -0.00000001    0.00017610   -0.00000059
     402   -0.00000128   -0.00000002   -0.00000062   -0.00000000    0.00019151   -0.00000041
     403    0.00000000   -0.00000003    0.00000034    0.00000001    0.00008200   -0.00000018
     404   -0.00000083   -0.00000003    0.00000077   -0.00000001    0.00016753   -0.00000024
     405   -0.00000021    0.00000002    0.00000023   -0.00000002    0.00064842    0.00000012
     406    0.00000052   -0.00000008   -0.00000024   -0.00000002   -0.00002716   -0.00000036
     407    0.00000033   -0.00000005   -0.00000003   -0.00000001   -0.00015334   -0.00000026
     408    0.00000028   -0.00000011    0.00000065    0.00000001   -0.00001903   -0.00000062
     409   -0.00000152   -0.00000004   -0.00000010   -0.00000000   -0.00006524   -0.00000061
     410   -0.00000073    0.00000004   -0.00000072    0.00000001    0.00015764    0.00000009
     411    0.00000126   -0.00000004   -0.00000074    0.00000001    0.00060329    0.00000006
     412    0.00000039   -0.00000005    0.00000077   -0.00000001   -0.00024346   -0.00000031
     413    0.00000042   -0.00000006    0.00000078    0.00000000   -0.00020302   -0.00000035
     414   -0.00000003   -0.00000009    0.00000016    0.00000001    0.00017705   -0.00000062
     415    0.00000081   -0.00000010    0.00000046   -0.00000000   -0.00027809   -0.00000052
     416    0.00000023   -0.00000001   -0.00000022   -0.00000001    0.00000793   -0.00000006
     417    0.00000057   -0.00000002    0.00000087    0.00000001    0.00031819    0.00000002
     418    0.00000027    0.00000002    0.00000102   -0.00000000    0.00029860    0.00000007
     419   -0.00000037   -0.00000003   -0.00000010    0.00000000   -0.00029375   -0.00000028
     420    0.00000034   -0.00000005    0.00000029    0.00000000   -0.00010505   -0.00000031
     421    0.00000007   -0.00000004    0.00000079    0.00000000   -0.00033646   -0.00000024
     422    0.00000017   -0.00000006   -0.00000032   -0.00000000   -0.00022134   -0.00000040
     423    0.00000065   -0.00000006   -0.00000094    0.00000001    0.00007565   -0.00000025
     424   -0.00000018   -0.00000008    0.00000037    0.00000001   -0.00001808   -0.00000062
     425   -0.00000048   -0.00000003    0.00000059   -0.00000000   -0.00041313   -0.00000028
     426   -0.00000049    0.00000001    0.00000020    0.00000000   -0.00057777   -0.00000005
     427    0.00000027   -0.00000005   -0.00000082   -0.00000000   -0.00010700   -0.00000034
     428   -0.00000021    0.00000003   -0.00000104    0.00000001    0.00031663    0.00000006
     429   -0.00000058    0.00000002    0.00000045    0.00000000    0.00059714    0.00000003
     430    0.00000047   -0.00000001   -0.00000038    0.00000000    0.00023085    0.00000001
     431   -0.00000017    0.00000003    0.00000060   -0.00000001    0.00014761    0.00000017
     432    0.00000008   -0.00000009    0.00000051   -0.00000001    0.00003445   -0.00000064
     433   -0.00000035   -0.00000007    0.00000037   -0.00000001    0.00018713   -0.00000058
     434    0.00000014    0.00000001    0.00000019   -0.00000001    0.00029213    0.00000003
     435    0.00000047   -0.00000009   -0.00000047    0.00000000   -0.00017860   -0.00000050
     436    0.00000063    0.00000001    0.00000005    0.00000000    0.00030679    0.00000016
     437   -0.00000003    0.00000003    0.00000011    0.00000000    0.00015166    0.00000017
     438   -0.00000025   -0.00000007    0.00000074    0.00000000   -0.00020961   -0.00000049
     439    0.00000036   -0.00000004    0.00000043    0.00000000   -0.00059719   -0.00000015
     440   -0.00000004    0.00000001   -0.00000040    0.00000000    0.00027450   -0.00000001
     441    0.00000096   -0.00000005    0.00000124   -0.00000001    0.00026310   -0.00000021
     442   -0.00000005    0.00000000    0.00000111    0.00000000    0.00035280   -0.00000003
     443   -0.00000028    0.00000003    0.00000101   -0.00000000    0.00056070    0.00000007
     444    0.00000072   -0.00000004    0.00000032   -0.00000000    0.00025962   -0.00000018
     445   -0.00000045   -0.00000005   -0.00000067   -0.00000000   -0.00017970   -0.00000046
     446    0.00000019   -0.00000002   -0.00000098    0.00000000   -0.00056005   -0.00000009
     447    0.00000055    0.00000000   -0.00000057    0.00000001   -0.00004410    0.00000013
     448   -0.00000013   -0.00000002   -0.00000033   -0.00000000   -0.00044006   -0.00000023
     449   -0.00000009    0.00000001   -0.00000000   -0.00000000    0.00020173   -0.00000003
     450    0.00000040    0.00000000   -0.00000004   -0.00000001    0.00046315    0.00000015
     451   -0.00000022   -0.00000003    0.00000008   -0.00000000   -0.00022740   -0.00000023
     452   -0.00000092    0.00000002   -0.00000071    0.00000000   -0.00049859   -0.00000016
     453    0.00000022    0.00000002   -0.00000043   -0.00000001    0.00036262    0.00000015
     454    0.00000114   -0.00000010   -0.00000086   -0.00000000    0.00004206   -0.00000052
     455   -0.00000009    0.00000000    0.00000018   -0.00000001    0.00053825    0.00000001
     456    0.00000007   -0.00000002   -0.00000115   -0.00000001    0.00025804   -0.00000015
     457    0.00000016   -0.00000003   -0.00000077   -0.00000001    0.00005202   -0.00000018
     458   -0.00000010   -0.00000005   -0.00000021   -0.00000000   -0.00030844   -0.00000040
     459   -0.00000030   -0.00000001   -0.00000070   -0.00000000    0.00026072   -0.00000019
     460    0.00000040   -0.00000001   -0.00000008    0.00000001    0.00022087   -0.00000007
     461   -0.00000011   -0.00000004   -0.00000021   -0.00000000    0.00004768   -0.00000034
     462    0.00000001   -0.00000001   -0.00000013   -0.00000000    0.00013631   -0.00000007
     463   -0.00000015   -0.00000006   -0.00000040    0.00000001    0.00012135   -0.00000037
     464    0.00000056   -0.00000003    0.00000011   -0.00000001   -0.00036449   -0.00000014
     465   -0.00000031   -0.00000002    0.00000091    0.00000001    0.00004930   -0.00000028
     466    0.00000019    0.00000003   -0.00000032    0.00000000    0.00042799    0.00000020
     467    0.00000015    0.00000002    0.00000094   -0.00000000    0.00051212    0.00000014
     468    0.00000014   -0.00000007    0.00000033    0.00000001   -0.00027840   -0.00000051
     469    0.00000004    0.00000000   -0.00000033   -0.00000000    0.00056594    0.00000005
     470    0.00000081   -0.00000005   -0.00000051   -0.00000001   -0.00048984   -0.00000017
     471    0.00000078   -0.00000006   -0.00000017   -0.00000000    0.00004810   -0.00000032
     472   -0.00000030   -0.00000004   -0.00000020    0.00000001    0.00012378   -0.00000039
     473    0.00000041   -0.00000005    0.00000005    0.00000000    0.00007759   -0.00000021
     474    0.00000093   -0.00000001    0.00000095    0.00000000    0.00057881    0.00000009
     475    0.00000010   -0.00000009   -0.00000059   -0.00000000    0.00003371   -0.00000063
     476   -0.00000008   -0.00000002    0.00000057    0.00000000    0.00016304   -0.00000008
     477    0.00000007    0.00000002   -0.00000077    0.00000000    0.00044399    0.00000007
     478    0.00000050   -0.00000005   -0.00000009    0.00000001    0.00032673   -0.00000018
     479   -0.00000056   -0.00000007   -0.00000058    0.00000000    0.00003456   -0.00000065
     480    0.00000036   -0.00000007   -0.00000063    0.00000000   -0.00011092   -0.00000034
     481    0.00000032   -0.00000009    0.00000007    0.00000001   -0.00006958   -0.00000055
     482   -0.00000042   -0.00000005   -0.00000061   -0.00000000   -0.00025005   -0.00000043
     483   -0.00000051   -0.00000003    0.00000036    0.00000000    0.00011950   -0.00000035
     484   -0.00000028   -0.00000001    0.00000012   -0.00000000   -0.00049913   -0.00000015
     485    0.00000045   -0.00000006    0.00000068   -0.00000000   -0.00029598   -0.00000028
     486   -0.00000089    0.00000003    0.00000006   -0.00000001    0.00049088   -0.00000000
     487    0.00000049   -0.00000004   -0.00000046    0.00000000    0.00026579   -0.00000021
     488    0.00000044   -0.00000003    0.00000003    0.00000000    0.00016311   -0.00000008
     489   -0.00000043    0.00000002   -0.00000040   -0.00000000    0.00063832    0.00000005
     490    0.00000016   -0.00000006    0.00000116    0.00000001    0.00019154   -0.00000040
     491   -0.00000015   -0.00000003   -0.00000027   -0.00000001    0.00002175   -0.00000030
     492   -0.00000085    0.00000000   -0.00000089    0.00000000   -0.00040249   -0.00000019
     493   -0.00000027   -0.00000004    0.00000028    0.00000001   -0.00028969   -0.00000030
     494    0.00000018    0.00000000   -0.00000141    0.00000000    0.00059937    0.00000004
     495   -0.00000038   -0.00000001    0.00000027    0.00000001   -0.00008117   -0.00000012
     496   -0.00000057   -0.00000002    0.00000034    0.00000001   -0.00010343   -0.00000028
     497    0.00000066   -0.00000003   -0.00000000   -0.00000001   -0.00014118   -0.00000016
     498   -0.00000103   -0.00000004    0.00000097    0.00000000   -0.00001051   -0.00000051
     499    0.00000112   -0.00000004    0.00000027    0.00000002    0.00001024   -0.00000005
     500    0.00000023   -0.00000009    0.00000109   -0.00000001    0.00004043   -0.00000058
     501    0.00000019   -0.00000000    0.00000077    0.00000000    0.00014288    0.00000012
     502   -0.00000041   -0.00000007   -0.00000073    0.00000000   -0.00026557   -0.00000055
     503   -0.00000033   -0.00000001    0.00000113    0.00000000    0.00010754   -0.00000015
     504   -0.00000121    0.00000004   -0.00000004   -0.00000000    0.00054853    0.00000008
     505    0.00000037   -0.00000003    0.00000039    0.00000000    0.00004940   -0.00000027
     506   -0.00000010   -0.00000002   -0.00000070    0.00000001   -0.00023758   -0.00000019
     507    0.00000011   -0.00000008    0.00000049    0.00000001   -0.00006434   -0.00000061
     508    0.00000021   -0.00000004    0.00000028   -0.00000001   -0.00024086   -0.00000026
     509    0.00000037   -0.00000001    0.00000162    0.00000000    0.00023360    0.00000005
     510   -0.00000059   -0.00000003    0.00000067    0.00000000   -0.00018406   -0.00000034
     511    0.00000005    0.00000002   -0.00000027    0.00000001    0.00051634    0.00000016
     512   -0.00000102   -0.00000006   -0.00000074    0.00000001    0.00003720   -0.00000064
     513    0.00000055   -0.00000005    0.00000033    0.00000001   -0.00033371   -0.00000024
     514    0.00000024   -0.00000009   -0.00000007   -0.00000000   -0.00027510   -0.00000055
     515   -0.00000007   -0.00000006   -0.00000027    0.00000001    0.00012513   -0.00000038
     516   -0.00000007    0.00000002   -0.00000014   -0.00000001    0.00035834    0.00000007
     517   -0.00000175    0.00000002   -0.00000031    0.00000000    0.00010011   -0.00000022
     518    0.00000031    0.00000001    0.00000026    0.00000000    0.00045262    0.00000012
     519   -0.00000033    0.00000002    0.00000079    0.00000000    0.00041712    0.00000008
     520   -0.00000045   -0.00000002    0.00000013   -0.00000000    0.00002342   -0.00000034
     521    0.00000011   -0.00000003    0.00000008   -0.00000001    0.00009119   -0.00000020
     522   -0.00000021   -0.00000005   -0.00000081    0.00000000   -0.00005592   -0.00000037
     523   -0.00000079   -0.00000006    0.00000024   -0.00000000    0.00018585   -0.00000061
     524   -0.00000083    0.00000005    0.00000061    0.00000001    0.00047927    0.00000014
     525   -0.00000019   -0.00000007    0.00000097   -0.00000001    0.00004345   -0.00000048
     526    0.00000041   -0.00000007   -0.00000111    0.00000001   -0.00005658   -0.00000040
     527   -0.00000054   -0.00000002    0.00000030   -0.00000000    0.00007440   -0.00000026
     528   -0.00000089   -0.00000005   -0.00000003   -0.00000000   -0.00026280   -0.00000052
     529   -0.00000086    0.00000000   -0.00000076   -0.00000000   -0.00036719   -0.00000018
     530    0.00000098   -0.00000004   -0.00000005   -0.00000001    0.00040837   -0.00000012
     531    0.00000043   -0.00000008   -0.00000013   -0.00000000   -0.00020567   -0.00000042
     532   -0.00000152    0.00000002   -0.00000025   -0.00000000    0.00000561   -0.00000008
     533   -0.00000018   -0.00000006   -0.00000069    0.00000001   -0.00020547   -0.00000042
     534    0.00000079   -0.00000010    0.00000024    0.00000000    0.00017540   -0.00000058
     535    0.00000087    0.00000000   -0.00000010   -0.00000001    0.00015541    0.00000013
     536    0.00000048   -0.00000004   -0.00000077    0.00000001   -0.00019259   -0.00000024
     537    0.00000041   -0.00000000   -0.00000063   -0.00000000    0.00027590    0.00000003
     538   -0.00000018   -0.00000002    0.00000093    0.00000001   -0.00015086   -0.00000023
     539    0.00000005   -0.00000004   -0.00000034    0.00000000   -0.00010912   -0.00000034
     540    0.00000013   -0.00000006   -0.00000044    0.00000001   -0.00031123   -0.00000041
     541   -0.00000013   -0.00000007    0.00000058   -0.00000000   -0.00017509   -0.00000057
     542    0.00000024   -0.00000001    0.00000055    0.00000001    0.00070967    0.00000005
     543    0.00000015   -0.00000006    0.00000111    0.00000000   -0.00016008   -0.00000042
     544    0.00000015   -0.00000008   -0.00000010   -0.00000000    0.00002775   -0.00000048
     545   -0.00000014   -0.00000002    0.00000025   -0.00000000   -0.00036863   -0.00000019
     546   -0.00000000   -0.00000007   -0.00000067   -0.00000000   -0.00021742   -0.00000047
     547    0.00000036   -0.00000004   -0.00000116   -0.00000001    0.00011219   -0.00000021
     548    0.00000034   -0.00000005    0.00000088   -0.00000000   -0.00019162   -0.00000024
     549    0.00000124   -0.00000004   -0.00000027    0.00000000   -0.00035627   -0.00000004
     550    0.00000003   -0.00000008   -0.00000004    0.00000000   -0.00026190   -0.00000051
     551    0.00000032   -0.00000002    0.00000064    0.00000001   -0.00008396   -0.00000006
     552    0.00000013   -0.00000004    0.00000088   -0.00000000   -0.00015621   -0.00000031
     553    0.00000112    0.00000001   -0.00000093   -0.00000001    0.00024375    0.00000017
     554    0.00000044   -0.00000009    0.00000140    0.00000000   -0.00006833   -0.00000060
     555    0.00000016   -0.00000003    0.00000040   -0.00000000   -0.00036662   -0.00000017
     556    0.00000055   -0.00000001    0.00000093    0.00000001    0.00021484   -0.00000003
     557   -0.00000130    0.00000003   -0.00000008    0.00000000   -0.00034819   -0.00000011
     558    0.00000046   -0.00000003    0.00000101   -0.00000000    0.00052855    0.00000003
     559   -0.00000057   -0.00000002    0.00000017   -0.00000000   -0.00019575   -0.00000026
     560    0.00000021   -0.00000008   -0.00000065    0.00000000   -0.00021079   -0.00000051
     561    0.00000114   -0.00000005    0.00000010    0.00000000    0.00000948   -0.00000005
     562    0.00000007   -0.00000000    0.00000090   -0.00000000   -0.00072460   -0.00000013
     563   -0.00000029    0.00000000    0.00000062   -0.00000001    0.00020239   -0.00000002
     564    0.00000095   -0.00000008   -0.00000167    0.00000000   -0.00024830   -0.00000039
     565   -0.00000066   -0.00000007    0.00000025    0.00000001   -0.00006042   -0.00000054
     566    0.00000093   -0.00000002    0.00000017   -0.00000001    0.00029518    0.00000004
     567    0.00000053   -0.00000005   -0.00000066   -0.00000000   -0.00009843   -0.00000017
     568    0.00000005    0.00000002   -0.00000076    0.00000000    0.00061907    0.00000016
     569    0.00000049   -0.00000005    0.00000040    0.00000001   -0.00005331   -0.00000024
     570    0.00000036    0.00000001    0.00000057    0.00000000    0.00064234    0.00000006
     571   -0.00000092   -0.00000000    0.00000028   -0.00000000    0.00009841   -0.00000021
     572    0.00000003   -0.00000001    0.00000036   -0.00000000   -0.00046996   -0.00000001
     573    0.00000029   -0.00000002   -0.00000032    0.00000000    0.00005899   -0.00000010
     574   -0.00000011   -0.00000001    0.00000030    0.00000000    0.00041112   -0.00000009
     575   -0.00000024   -0.00000003   -0.00000005   -0.00000001    0.00007374   -0.00000025
     576   -0.00000104   -0.00000002    0.00000057    0.00000000    0.00012186   -0.00000037
     577    0.00000088   -0.00000006   -0.00000060    0.00000001    0.00011486   -0.00000026
     578   -0.00000098   -0.00000006    0.00000032   -0.00000000   -0.00027022   -0.00000057
     579   -0.00000106   -0.00000001    0.00000010    0.00000000   -0.00024177   -0.00000028
     580    0.00000085   -0.00000011   -0.00000098   -0.00000000   -0.00026949   -0.00000057
     581   -0.00000028   -0.00000006   -0.00000044   -0.00000001    0.00004217   -0.00000052
     582   -0.00000144   -0.00000000   -0.00000040   -0.00000000    0.00012688   -0.00000035
     583    0.00000093   -0.00000003    0.00000058   -0.00000001    0.00028594    0.00000005
     584    0.00000038   -0.00000005   -0.00000017    0.00000000    0.00033236   -0.00000024
     585    0.00000047    0.00000001   -0.00000001    0.00000000    0.00023947    0.00000015
     586   -0.00000077   -0.00000000   -0.00000034   -0.00000001    0.00013146   -0.00000023
     587   -0.00000024   -0.00000001   -0.00000087   -0.00000000   -0.00009388   -0.00000010
     588    0.00000070   -0.00000008   -0.00000032   -0.00000000   -0.00031766   -0.00000036
     589    0.00000094   -0.00000004   -0.00000032    0.00000000    0.00040026   -0.00000013
     590   -0.00000087   -0.00000003   -0.00000034   -0.00000001   -0.00028376   -0.00000041
     591    0.00000046   -0.00000006   -0.00000064   -0.00000001   -0.00028524   -0.00000039
     592    0.00000103   -0.00000003   -0.00000062   -0.00000000    0.00035342   -0.00000002
     593   -0.00000028   -0.00000008   -0.00000015    0.00000000   -0.00016934   -0.00000061
     594   -0.00000069   -0.00000000    0.00000043   -0.00000000    0.00033371   -0.00000025
     595    0.00000006   -0.00000008    0.00000018   -0.00000002   -0.00016508   -0.00000056
     596    0.00000058   -0.00000003   -0.00000046    0.00000001   -0.00061933   -0.00000014
     597   -0.00000060    0.00000002    0.00000016    0.00000000   -0.00065348   -0.00000001
     598   -0.00000041   -0.00000004   -0.00000015   -0.00000001   -0.00012101   -0.00000025
     599   -0.00000038    0.00000002    0.00000031    0.00000000    0.00021171    0.00000001
     600   -0.00000123    0.00000000   -0.00000003    0.00000001   -0.00022746   -0.00000022
     601    0.00000032   -0.00000010    0.00000031    0.00000001   -0.00027242   -0.00000056
     602    0.00000073    0.00000001   -0.00000049   -0.00000000    0.00030870    0.00000015
     603   -0.00000120    0.00000006    0.00000013    0.00000000    0.00055416    0.00000006
     604   -0.00000057   -0.00000002    0.00000069    0.00000000    0.00033393   -0.00000025
     605   -0.00000005   -0.00000002    0.00000030    0.00000001    0.00006054   -0.00000011
     606    0.00000010   -0.00000004    0.00000033   -0.00000000   -0.00040769   -0.00000023
     607   -0.00000034   -0.00000007    0.00000060   -0.00000001   -0.00025983   -0.00000049
     608    0.00000028   -0.00000010    0.00000042   -0.00000001   -0.00001889   -0.00000062
     609    0.00000024   -0.00000010    0.00000169   -0.00000000   -0.00026746   -0.00000056
     610   -0.00000029   -0.00000006    0.00000003    0.00000001   -0.00021448   -0.00000050
     611   -0.00000044   -0.00000002    0.00000002   -0.00000001   -0.00051975   -0.00000017
     612    0.00000049   -0.00000001   -0.00000055   -0.00000000    0.00020111   -0.00000004
     613    0.00000057   -0.00000005   -0.00000012    0.00000001    0.00007109   -0.00000025
     614   -0.00000054   -0.00000002    0.00000008   -0.00000000    0.00005243   -0.00000017
     615   -0.00000030    0.00000003    0.00000037   -0.00000000    0.00028039    0.00000007
     616    0.00000020   -0.00000007   -0.00000052   -0.00000000   -0.00018307   -0.00000037
     617   -0.00000007   -0.00000007    0.00000070    0.00000001   -0.00021018   -0.00000050
     618    0.00000038    0.00000000    0.00000046    0.00000000    0.00014188    0.00000009
     619   -0.00000026   -0.00000006    0.00000014    0.00000000   -0.00026785   -0.00000056
     620   -0.00000054    0.00000001   -0.00000003   -0.00000000    0.00027137   -0.00000010
     621   -0.00000059   -0.00000006   -0.00000116   -0.00000000   -0.00002381   -0.00000049
     622    0.00000010   -0.00000005    0.00000061    0.00000001   -0.00031341   -0.00000040
     623   -0.00000009   -0.00000004    0.00000087   -0.00000000    0.00011711   -0.00000031
     624    0.00000065   -0.00000005   -0.00000009    0.00000001   -0.00014256   -0.00000017
     625   -0.00000115    0.00000000   -0.00000130    0.00000000   -0.00014070   -0.00000016
     626    0.00000048   -0.00000003    0.00000093    0.00000000    0.00027236   -0.00000007
     627   -0.00000082    0.00000001    0.00000054    0.00000000    0.00008077   -0.00000018
     628   -0.00000023    0.00000004   -0.00000009   -0.00000002   -0.00004397    0.00000013
     629    0.00000041   -0.00000007    0.00000019   -0.00000001   -0.00025171   -0.00000045
     630    0.00000132   -0.00000008   -0.00000088   -0.00000000   -0.00032646   -0.00000025
     631    0.00000018   -0.00000006   -0.00000061   -0.00000000   -0.00007602   -0.00000031
     632   -0.00000023   -0.00000008    0.00000095    0.00000000   -0.00027520   -0.00000055
     633    0.00000032   -0.00000004    0.00000173    0.00000001    0.00004903   -0.00000028
     634   -0.00000040   -0.00000003   -0.00000094   -0.00000001   -0.00015045   -0.00000023
     635   -0.00000032    0.00000001   -0.00000059    0.00000000    0.00020996    0.00000003
     636    0.00000035   -0.00000005    0.00000034    0.00000000   -0.00010176   -0.00000025
     637   -0.00000047    0.00000004    0.00000105    0.00000001    0.00031354    0.00000011
     638    0.00000017   -0.00000002   -0.00000029   -0.00000001    0.00016395   -0.00000011
     639   -0.00000040   -0.00000007   -0.00000002    0.00000001    0.00003894   -0.00000061
     640   -0.00000022   -0.00000003    0.00000046   -0.00000001    0.00033890   -0.00000023
     641   -0.00000003   -0.00000005    0.00000051   -0.00000000   -0.00002657   -0.00000038
     642    0.00000129   -0.00000012   -0.00000040   -0.00000000    0.00018815   -0.00000055
     643   -0.00000057   -0.00000001   -0.00000042   -0.00000001    0.00006415   -0.00000018
     644   -0.00000035   -0.00000002   -0.00000063   -0.00000001   -0.00048279   -0.00000012
     645   -0.00000108    0.00000001   -0.00000050    0.00000000   -0.00000151   -0.00000021
     646    0.00000044   -0.00000004    0.00000040    0.00000000   -0.00014764   -0.00000020
     647   -0.00000084   -0.00000005    0.00000025   -0.00000000   -0.00006945   -0.00000055
     648    0.00000062   -0.00000002    0.00000022   -0.00000000    0.00050171    0.00000002
     649   -0.00000089    0.00000003   -0.00000006    0.00000000   -0.00004900   -0.00000001
     650   -0.00000080    0.00000001   -0.00000109    0.00000002    0.00008454   -0.00000019
     651    0.00000029   -0.00000005    0.00000040   -0.00000001    0.00004827   -0.00000031
     652   -0.00000056   -0.00000001   -0.00000072    0.00000000    0.00019646   -0.00000017
     653    0.00000086   -0.00000011    0.00000004    0.00000000   -0.00006512   -0.00000061
     654    0.00000112   -0.00000010   -0.00000006    0.00000000    0.00002845   -0.00000050
     655    0.00000055   -0.00000004    0.00000044    0.00000000   -0.00008672   -0.00000003
     656   -0.00000001   -0.00000006   -0.00000048    0.00000001   -0.00031870   -0.00000034
     657   -0.00000039   -0.00000001   -0.00000071   -0.00000000   -0.00019122   -0.00000024
     658   -0.00000036   -0.00000001   -0.00000054   -0.00000001    0.00013300   -0.00000019
     659    0.00000024   -0.00000004    0.00000060    0.00000000   -0.00034185   -0.00000020
     660   -0.00000017   -0.00000005    0.00000015    0.00000001   -0.00031734   -0.00000036
     661    0.00000011   -0.00000006    0.00000056    0.00000000   -0.00020002   -0.00000030
     662   -0.00000021    0.00000004    0.00000039   -0.00000001    0.00038714    0.00000018
     663   -0.00000073   -0.00000005    0.00000100    0.00000000   -0.00001217   -0.00000055
     664   -0.00000045   -0.00000006   -0.00000018    0.00000000   -0.00025282   -0.00000046
     665    0.00000032   -0.00000003   -0.00000091   -0.00000000    0.00041174   -0.00000006
     666   -0.00000034   -0.00000009    0.00000054   -0.00000000   -0.00006801   -0.00000061
     667    0.00000056   -0.00000009   -0.00000038    0.00000000   -0.00007031   -0.00000053
     668    0.00000032   -0.00000004    0.00000012    0.00000000   -0.00015347   -0.00000026
     669    0.00000031   -0.00000000   -0.00000114    0.00000000    0.00023013   -0.00000001
     670    0.00000067   -0.00000006   -0.00000028   -0.00000001    0.00009961   -0.00000022
     671    0.00000003   -0.00000006   -0.00000025   -0.00000000   -0.00005660   -0.00000040
     672   -0.00000045    0.00000001   -0.00000108   -0.00000000    0.00050167    0.00000001
     673    0.00000013   -0.00000009   -0.00000020   -0.00000000    0.00018367   -0.00000065
     674   -0.00000012    0.00000001   -0.00000022   -0.00000000    0.00056733    0.00000005
     675   -0.00000009    0.00000004   -0.00000062    0.00000001    0.00045985    0.00000014
     676   -0.00000009   -0.00000001   -0.00000052    0.00000001   -0.00034874   -0.00000011
     677   -0.00000053    0.00000001   -0.00000018    0.00000001   -0.00062020   -0.00000014
     678    0.00000064   -0.00000001   -0.00000060    0.00000001    0.00028877    0.00000004
     679   -0.00000009   -0.00000008   -0.00000017   -0.00000001    0.00017559   -0.00000058
     680   -0.00000013    0.00000001    0.00000022    0.00000000   -0.00046480   -0.00000002
     681   -0.00000031   -0.00000003   -0.00000051   -0.00000000    0.00033644   -0.00000026
     682   -0.00000086    0.00000000    0.00000017   -0.00000000   -0.00015149   -0.00000024
     683   -0.00000046   -0.00000007    0.00000025   -0.00000000   -0.00016733   -0.00000061
     684   -0.00000021   -0.00000001   -0.00000089    0.00000001    0.00039816   -0.00000009
     685    0.00000053   -0.00000003    0.00000062    0.00000001    0.00013288   -0.00000019
     686   -0.00000057   -0.00000005   -0.00000000    0.00000001   -0.00028206   -0.00000045
     687   -0.00000082   -0.00000006    0.00000001   -0.00000000   -0.00017310   -0.00000060
     688   -0.00000000   -0.00000002    0.00000001    0.00000000   -0.00005210   -0.00000018
     689   -0.00000102    0.00000005   -0.00000010   -0.00000000    0.00014709    0.00000016
     690   -0.00000005   -0.00000005   -0.00000028    0.00000000   -0.00007529   -0.00000034
     691    0.00000022   -0.00000004   -0.00000044    0.00000000   -0.00005510   -0.00000033
     692   -0.00000028    0.00000003    0.00000005    0.00000001    0.00014353    0.00000013
     693   -0.00000007    0.00000001   -0.00000085    0.00000001    0.00020793    0.00000004
     694   -0.00000009   -0.00000002   -0.00000073   -0.00000001   -0.00007941   -0.00000019
     695    0.00000103   -0.00000007   -0.00000032   -0.00000000   -0.00039816   -0.00000017
     696   -0.00000003   -0.00000006    0.00000026    0.00000000   -0.00000796   -0.00000043
     697   -0.00000049   -0.00000006    0.00000047   -0.00000001   -0.00017255   -0.00000061
     698   -0.00000070   -0.00000003    0.00000060    0.00000000   -0.00042075   -0.00000031
     699   -0.00000097    0.00000005   -0.00000030    0.00000000    0.00043985    0.00000007
     700    0.00000052    0.00000002   -0.00000031    0.00000000    0.00061728    0.00000016
     701   -0.00000069   -0.00000002   -0.00000044    0.00000000   -0.00005341   -0.00000026
     702    0.00000023   -0.00000003   -0.00000003    0.00000001   -0.00014945   -0.00000022
     703   -0.00000064   -0.00000001   -0.00000048   -0.00000000    0.00026166   -0.00000020
     704   -0.00000047   -0.00000001    0.00000104   -0.00000001   -0.00037247   -0.00000020
     705   -0.00000011   -0.00000003   -0.00000101   -0.00000001    0.00033424   -0.00000025
     706    0.00000064   -0.00000008    0.00000009   -0.00000001   -0.00016169   -0.00000047
     707    0.00000010   -0.00000004    0.00000060    0.00000001   -0.00015784   -0.00000035
     708    0.00000088   -0.00000004   -0.00000028    0.00000001    0.00034355   -0.00000016
     709    0.00000053   -0.00000003   -0.00000038    0.00000000   -0.00009170   -0.00000007
     710    0.00000007   -0.00000006    0.00000094   -0.00000000    0.00017011   -0.00000036
     711    0.00000000   -0.00000003   -0.00000101   -0.00000001    0.00009902   -0.00000022
     712   -0.00000052   -0.00000007   -0.00000034   -0.00000001   -0.00001091   -0.00000052
     713   -0.00000016   -0.00000006   -0.00000059   -0.00000000    0.00004400   -0.00000046
     714   -0.00000032    0.00000000    0.00000095    0.00000000    0.00022188   -0.00000006
     715    0.00000012   -0.00000009    0.00000006   -0.00000001   -0.00006218   -0.00000058
     716   -0.00000035   -0.00000006    0.00000001   -0.00000001   -0.00001127   -0.00000052
     717   -0.00000026   -0.00000003    0.00000078    0.00000000   -0.00002823   -0.00000031
     718    0.00000014   -0.00000003    0.00000101   -0.00000000   -0.00023849   -0.00000021
     719   -0.00000127    0.00000001    0.00000063    0.00000000    0.00007566   -0.00000025
     720   -0.00000030    0.00000002   -0.00000052   -0.00000000    0.00063821    0.00000005
     721    0.00000111   -0.00000005    0.00000096    0.00000000   -0.00005214   -0.00000017
     722    0.00000103   -0.00000013    0.00000014    0.00000000    0.00018412   -0.00000063
     723   -0.00000138   -0.00000000   -0.00000035   -0.00000001   -0.00011039   -0.00000034
     724   -0.00000063   -0.00000001   -0.00000072   -0.00000001    0.00010849   -0.00000015
     725    0.00000015   -0.00000007   -0.00000053   -0.00000002   -0.00021266   -0.00000051
     726   -0.00000046   -0.00000001   -0.00000019    0.00000000   -0.00049162   -0.00000019
     727    0.00000179   -0.00000009   -0.00000043   -0.00000000    0.00008145   -0.00000018
     728    0.00000174   -0.00000008    0.00000054   -0.00000000    0.00034126   -0.00000019
     729   -0.00000098    0.00000006   -0.00000048    0.00000001    0.00046037    0.00000015
     730   -0.00000089   -0.00000000    0.00000016    0.00000001    0.00032714   -0.00000018
     731    0.00000035   -0.00000002   -0.00000195    0.00000001    0.00013618   -0.00000008
     732    0.00000019    0.00000005    0.00000046    0.00000001    0.00037690    0.00000037
     733   -0.00000016   -0.00000007    0.00000075   -0.00000000    0.00017554   -0.00000058
     734    0.00000045   -0.00000006   -0.00000063    0.00000001   -0.00030133   -0.00000031
     735    0.00000055   -0.00000004   -0.00000021    0.00000000   -0.00044533   -0.00000017
     736   -0.00000002   -0.00000004   -0.00000037    0.00000001   -0.00043182   -0.00000029
     737   -0.00000039    0.00000001   -0.00000121    0.00000001   -0.00009291   -0.00000008
     738    0.00000182   -0.00000010   -0.00000085    0.00000000   -0.00041686   -0.00000030
     739   -0.00000033   -0.00000000    0.00000000   -0.00000000   -0.00070768   -0.00000006
     740    0.00000140   -0.00000001   -0.00000027   -0.00000001    0.00036192    0.00000014
     741    0.00000018   -0.00000003    0.00000050    0.00000001    0.00008516   -0.00000020
     742    0.00000036   -0.00000007    0.00000092    0.00000000    0.00012092   -0.00000036
     743    0.00000064   -0.00000002    0.00000073    0.00000000   -0.00008864   -0.00000003
     744   -0.00000048   -0.00000000    0.00000015    0.00000000    0.00006540   -0.00000020
     745   -0.00000023    0.00000001    0.00000018    0.00000001    0.00023214    0.00000002
     746    0.00000138   -0.00000008    0.00000002    0.00000000   -0.00012034   -0.00000026
     747   -0.00000128   -0.00000005    0.00000084   -0.00000001    0.00018275   -0.00000065
     748   -0.00000040    0.00000002    0.00000073    0.00000000    0.00068243    0.00000004
     749   -0.00000031   -0.00000007    0.00000025   -0.00000001    0.00017603   -0.00000059
     750    0.00000017   -0.00000003    0.00000136    0.00000001    0.00033002   -0.00000022
     751   -0.00000011    0.00000002   -0.00000057    0.00000000   -0.00004493    0.00000011
     752    0.00000090   -0.00000009   -0.00000052    0.00000001   -0.00005869   -0.00000048
     753   -0.00000041    0.00000005    0.00000041    0.00000000    0.00023821    0.00000014
     754   -0.00000021   -0.00000002   -0.00000073   -0.00000000   -0.00036589   -0.00000016
     755    0.00000052   -0.00000001    0.00000003    0.00000000    0.00013950    0.00000004
     756    0.00000022    0.00000001   -0.00000019   -0.00000000    0.00024585    0.00000017
     757   -0.00000057   -0.00000008    0.00000150    0.00000001   -0.00006892   -0.00000057
     758   -0.00000022    0.00000001   -0.00000055    0.00000001    0.00029446    0.00000004
     759   -0.00000002   -0.00000002    0.00000016   -0.00000000   -0.00050539   -0.00000011
     760   -0.00000044   -0.00000006    0.00000086    0.00000000   -0.00026507   -0.00000055
     761   -0.00000065   -0.00000001    0.00000084   -0.00000000   -0.00056839   -0.00000010
     762   -0.00000006   -0.00000004    0.00000053    0.00000000   -0.00011484   -0.00000032
     763    0.00000036   -0.00000001   -0.00000093    0.00000000   -0.00066791   -0.00000002
     764    0.00000056   -0.00000004   -0.00000032    0.00000001    0.00010084   -0.00000020
     765    0.00000072   -0.00000011   -0.00000043   -0.00000000   -0.00001601   -0.00000060
     766    0.00000031   -0.00000002    0.00000102   -0.00000001    0.00006281   -0.00000016
     767    0.00000178   -0.00000007   -0.00000150   -0.00000001    0.00026947   -0.00000014
     768    0.00000020   -0.00000003   -0.00000085   -0.00000001   -0.00053175   -0.00000015
     769    0.00000036   -0.00000003    0.00000011   -0.00000001   -0.00036748   -0.00000018
     770   -0.00000046    0.00000001   -0.00000121   -0.00000001    0.00039739   -0.00000008
     771    0.00000006    0.00000000   -0.00000108    0.00000000    0.00052906    0.00000003
     772   -0.00000027   -0.00000005   -0.00000054    0.00000000    0.00004488   -0.00000044
     773    0.00000075   -0.00000005    0.00000044    0.00000000    0.00034146   -0.00000019
     774    0.00000040   -0.00000004   -0.00000075    0.00000000   -0.00008020   -0.00000016
     775   -0.00000045    0.00000000   -0.00000103   -0.00000001   -0.00048003   -0.00000008
     776   -0.00000013    0.00000004   -0.00000006   -0.00000001    0.00014666    0.00000016
     777    0.00000013   -0.00000007    0.00000005    0.00000001   -0.00006018   -0.00000053
     778    0.00000100   -0.00000006    0.00000036    0.00000000    0.00016548   -0.00000018
     779    0.00000050   -0.00000001    0.00000139   -0.00000000    0.00070651    0.00000005
     780   -0.00000058   -0.00000005    0.00000066    0.00000000   -0.00000782   -0.00000043
     781   -0.00000074   -0.00000002   -0.00000094   -0.00000001   -0.00015604   -0.00000031
     782   -0.00000050   -0.00000004    0.00000060   -0.00000001   -0.00024658   -0.00000036
     783   -0.00000056   -0.00000004    0.00000024    0.00000000   -0.00018352   -0.00000035
     784    0.00000037   -0.00000006    0.00000014   -0.00000000   -0.00029622   -0.00000028
     785    0.00000032   -0.00000002    0.00000045    0.00000000   -0.00090180   -0.00000008
     786   -0.00000081    0.00000002   -0.00000004   -0.00000000   -0.00046337   -0.00000003
     787   -0.00000073   -0.00000006    0.00000063   -0.00000001   -0.00002014   -0.00000058
     788    0.00000023   -0.00000004    0.00000044   -0.00000000   -0.00038839   -0.00000015
     789    0.00000022   -0.00000002   -0.00000025    0.00000000   -0.00052136   -0.00000019
     790    0.00000040   -0.00000004    0.00000049   -0.00000000    0.00026887   -0.00000017
     791    0.00000084   -0.00000004    0.00000034    0.00000000   -0.00009010   -0.00000005
     792    0.00000037   -0.00000005    0.00000018    0.00000001    0.00012878   -0.00000030
     793   -0.00000008   -0.00000001    0.00000074   -0.00000000    0.00000332   -0.00000011
     794    0.00000127   -0.00000009    0.00000005    0.00000000   -0.00000635   -0.00000036
     795   -0.00000012   -0.00000008    0.00000036    0.00000000   -0.00027880   -0.00000051
     796    0.00000066   -0.00000005   -0.00000046   -0.00000000    0.00007556   -0.00000025
     797    0.00000027   -0.00000002    0.00000099   -0.00000000    0.00013547   -0.00000010
     798   -0.00000044    0.00000004    0.00000068   -0.00000000    0.00029819    0.00000006
     799   -0.00000004   -0.00000003   -0.00000019   -0.00000000   -0.00039444   -0.00000017
     800    0.00000019   -0.00000001    0.00000047   -0.00000000   -0.00058860   -0.00000008
     801    0.00000043   -0.00000007   -0.00000064   -0.00000002   -0.00016073   -0.00000044
     802   -0.00000005   -0.00000002    0.00000014    0.00000001    0.00026980   -0.00000014
     803   -0.00000091   -0.00000002    0.00000024    0.00000000    0.00019182   -0.00000039
     804   -0.00000054   -0.00000002   -0.00000022   -0.00000000   -0.00012393   -0.00000020
     805   -0.00000092   -0.00000002   -0.00000050   -0.00000000   -0.00005585   -0.00000037
     806   -0.00000025   -0.00000003   -0.00000225   -0.00000000    0.00007405   -0.00000025
     807   -0.00000034   -0.00000002   -0.00000076    0.00000001    0.00001926   -0.00000023
     808    0.00000045   -0.00000004    0.00000160   -0.00000001    0.00008997   -0.00000020
     809   -0.00000043   -0.00000001   -0.00000057   -0.00000001    0.00041034   -0.00000011
     810    0.00000019   -0.00000005    0.00000061   -0.00000001   -0.00000588   -0.00000035
     811   -0.00000016   -0.00000002   -0.00000058    0.00000000   -0.00013790   -0.00000015
     812   -0.00000126    0.00000003    0.00000051    0.00000000   -0.00013610   -0.00000015
     813   -0.00000025   -0.00000004   -0.00000047   -0.00000001   -0.00015842   -0.00000037
     814   -0.00000002   -0.00000003    0.00000089   -0.00000001    0.00006825   -0.00000023
     815    0.00000009   -0.00000005   -0.00000015    0.00000000   -0.00007597   -0.00000031
     816   -0.00000090   -0.00000002    0.00000025    0.00000000   -0.00030621   -0.00000037
     817    0.00000032    0.00000002    0.00000029   -0.00000000    0.00047951    0.00000014
     818    0.00000019   -0.00000006    0.00000033   -0.00000001    0.00012451   -0.00000039
     819   -0.00000038   -0.00000002    0.00000031   -0.00000001   -0.00024080   -0.00000026
     820    0.00000028   -0.00000003   -0.00000068    0.00000000   -0.00034057   -0.00000022
     821    0.00000019   -0.00000002   -0.00000113   -0.00000001    0.00035549    0.00000002
     822   -0.00000004    0.00000002   -0.00000040    0.00000001    0.00023774    0.00000014
     823   -0.00000060    0.00000000    0.00000019    0.00000001   -0.00013162   -0.00000012
     824   -0.00000000   -0.00000006    0.00000035    0.00000000   -0.00025052   -0.00000044
     825   -0.00000043   -0.00000004   -0.00000003   -0.00000000   -0.00022023   -0.00000042
     826   -0.00000034   -0.00000002    0.00000012    0.00000000    0.00001818   -0.00000021
     827   -0.00000003    0.00000003    0.00000077    0.00000000    0.00024226    0.00000017
     828    0.00000041   -0.00000002    0.00000001   -0.00000000   -0.00013170   -0.00000012
     829   -0.00000039   -0.00000002   -0.00000027    0.00000000   -0.00012113   -0.00000025
     830    0.00000022   -0.00000003   -0.00000014    0.00000001    0.00006870   -0.00000023
     831   -0.00000067   -0.00000002   -0.00000017   -0.00000000   -0.00040874   -0.00000024
     832   -0.00000040   -0.00000002   -0.00000054   -0.00000000   -0.00033123   -0.00000023
     833    0.00000049   -0.00000003    0.00000065    0.00000000   -0.00050980   -0.00000011
     834   -0.00000050   -0.00000001   -0.00000057   -0.00000000   -0.00002951   -0.00000024
     835   -0.00000035   -0.00000003    0.00000040    0.00000001   -0.00033435   -0.00000024
     836   -0.00000068    0.00000001    0.00000002   -0.00000000   -0.00058898   -0.00000008
     837    0.00000017   -0.00000000   -0.00000019    0.00000000    0.00039369   -0.00000000
     838    0.00000010    0.00000001   -0.00000020   -0.00000001    0.00101724    0.00000003
     839    0.00000057   -0.00000005   -0.00000115    0.00000001   -0.00029596   -0.00000028
     840   -0.00000039   -0.00000002   -0.00000031   -0.00000000   -0.00024048   -0.00000026
     841    0.00000048   -0.00000004   -0.00000036    0.00000000   -0.00056622   -0.00000011
     842   -0.00000007   -0.00000002   -0.00000107    0.00000002    0.00033331   -0.00000025
     843   -0.00000117    0.00000000    0.00000095    0.00000000    0.00026525   -0.00000021
     844   -0.00000034   -0.00000007   -0.00000027   -0.00000000   -0.00002285   -0.00000052
     845    0.00000095   -0.00000014   -0.00000002    0.00000000    0.00018228   -0.00000065
     846   -0.00000045   -0.00000001   -0.00000078   -0.00000000   -0.00049380   -0.00000019
     847   -0.00000014   -0.00000003    0.00000008    0.00000000   -0.00029098   -0.00000029
     848   -0.00000123    0.00000002   -0.00000019    0.00000000   -0.00023785   -0.00000020
     849   -0.00000109   -0.00000001    0.00000061   -0.00000001    0.00001947   -0.00000024
     850    0.00000008   -0.00000005   -0.00000052   -0.00000000    0.00007353   -0.00000025
     851    0.00000066   -0.00000006    0.00000008    0.00000001   -0.00029650   -0.00000028
     852   -0.00000068   -0.00000003   -0.00000053    0.00000001   -0.00021947   -0.00000043
     853   -0.00000045   -0.00000006   -0.00000031   -0.00000001   -0.00027537   -0.00000055
     854    0.00000030   -0.00000004    0.00000034    0.00000000   -0.00051777   -0.00000016
     855    0.00000093   -0.00000005   -0.00000031    0.00000000   -0.00040464   -0.00000020
     856   -0.00000011    0.00000000   -0.00000098    0.00000000    0.00020124   -0.00000004
     857    0.00000018   -0.00000005   -0.00000074   -0.00000001   -0.00005655   -0.00000040
     858   -0.00000010   -0.00000003   -0.00000018    0.00000000   -0.00007786   -0.00000024
     859   -0.00000035   -0.00000004    0.00000079   -0.00000000    0.00002285   -0.00000033
     860    0.00000065   -0.00000004   -0.00000017    0.00000000   -0.00013966   -0.00000016
     861   -0.00000010   -0.00000006   -0.00000024   -0.00000000   -0.00028043   -0.00000049
     862   -0.00000055   -0.00000004    0.00000022   -0.00000000   -0.00031401   -0.00000040
     863    0.00000004   -0.00000004   -0.00000028   -0.00000000   -0.00042616   -0.00000031
     864   -0.00000028   -0.00000007   -0.00000062   -0.00000000   -0.00002046   -0.00000058
     865   -0.00000089   -0.00000000    0.00000003   -0.00000000   -0.00052199   -0.00000019
     866   -0.00000005   -0.00000004   -0.00000047   -0.00000000    0.00019380   -0.00000029
     867    0.00000004   -0.00000002   -0.00000046    0.00000001    0.00009029   -0.00000020
     868    0.00000019    0.00000000   -0.00000005    0.00000001    0.00025246    0.00000003
     869   -0.00000011    0.00000000    0.00000103    0.00000001   -0.00008874   -0.00000003
     870    0.00000015   -0.00000008   -0.00000002    0.00000000   -0.00025966   -0.00000049
     871    0.00000091   -0.00000005    0.00000072   -0.00000000   -0.00034182   -0.00000021
     872    0.00000060   -0.00000005   -0.00000063    0.00000000   -0.00037585   -0.00000020
     873    0.00000030   -0.00000003    0.00000051   -0.00000000   -0.00014182   -0.00000016
     874   -0.00000104   -0.00000005   -0.00000009    0.00000000   -0.00026559   -0.00000055
     875   -0.00000145    0.00000002   -0.00000007   -0.00000001   -0.00038475   -0.00000016
     876   -0.00000049   -0.00000007    0.00000081   -0.00000000    0.00003745   -0.00000063
     877   -0.00000004   -0.00000001    0.00000081    0.00000001    0.00021806   -0.00000008
     878    0.00000010   -0.00000008    0.00000040    0.00000001    0.00018932   -0.00000051
     879    0.00000083   -0.00000005   -0.00000013    0.00000001    0.00025930   -0.00000017
     880   -0.00000032   -0.00000008   -0.00000033    0.00000001   -0.00001553   -0.00000060
     881    0.00000049   -0.00000007   -0.00000025   -0.00000000   -0.00042249   -0.00000032
     882   -0.00000004   -0.00000000   -0.00000037    0.00000001   -0.00045259   -0.00000010
     883   -0.00000006   -0.00000004   -0.00000035   -0.00000001   -0.00024127   -0.00000027
     884    0.00000041   -0.00000007    0.00000015   -0.00000000   -0.00028554   -0.00000038
     885    0.00000022   -0.00000004   -0.00000050    0.00000000   -0.00010276   -0.00000027
     886   -0.00000056   -0.00000001   -0.00000113    0.00000001    0.00006356   -0.00000017
     887    0.00000116   -0.00000014    0.00000030   -0.00000000    0.00003326   -0.00000062
     888    0.00000097   -0.00000011   -0.00000049    0.00000000   -0.00017423   -0.00000059
     889   -0.00000081    0.00000004    0.00000078   -0.00000000    0.00046196    0.00000015
     890   -0.00000039   -0.00000007    0.00000005   -0.00000000   -0.00001714   -0.00000061
     891    0.00000113   -0.00000008    0.00000026   -0.00000001    0.00033904   -0.00000022
     892    0.00000013    0.00000001   -0.00000049    0.00000000    0.00016050    0.00000001
     893    0.00000094   -0.00000004    0.00000106   -0.00000001    0.00005632   -0.00000008
     894    0.00000047    0.00000002    0.00000066    0.00000000    0.00042261    0.00000017
     895    0.00000014    0.00000001   -0.00000042    0.00000001    0.00043592    0.00000011
     896   -0.00000018   -0.00000002   -0.00000084    0.00000001   -0.00009896   -0.00000018
     897    0.00000033   -0.00000002    0.00000046   -0.00000001    0.00000435   -0.00000009
     898   -0.00000060   -0.00000000    0.00000027   -0.00000001    0.00010156   -0.00000018
     899   -0.00000088    0.00000006    0.00000059   -0.00000000    0.00015271    0.00000017
     900    0.00000047    0.00000003    0.00000002    0.00000000    0.00047239    0.00000016
     901    0.00000082   -0.00000007    0.00000088   -0.00000000   -0.00041810   -0.00000031
     902   -0.00000128    0.00000003    0.00000041    0.00000000   -0.00008785   -0.00000002
     903    0.00000016   -0.00000002   -0.00000091    0.00000000   -0.00012509   -0.00000017
     904   -0.00000164   -0.00000004   -0.00000013    0.00000001    0.00003324   -0.00000062
     905   -0.00000039    0.00000004   -0.00000012    0.00000001    0.00014345    0.00000013
     906   -0.00000057   -0.00000007    0.00000037    0.00000000    0.00017782   -0.00000064
     907   -0.00000008   -0.00000003   -0.00000052   -0.00000001   -0.00014584   -0.00000019
     908   -0.00000049   -0.00000006    0.00000084   -0.00000001   -0.00026497   -0.00000055
     909   -0.00000021   -0.00000002    0.00000071   -0.00000000   -0.00062769   -0.00000012
     910   -0.00000004   -0.00000002   -0.00000128    0.00000000    0.00040713   -0.00000014
     911    0.00000060   -0.00000008    0.00000011   -0.00000001   -0.00001180   -0.00000053
     912    0.00000076   -0.00000012   -0.00000006    0.00000000   -0.00006528   -0.00000061
     913   -0.00000033   -0.00000002    0.00000031   -0.00000000   -0.00011970   -0.00000027
     914   -0.00000105    0.00000002   -0.00000044    0.00000001    0.00000873   -0.00000006
     915    0.00000010   -0.00000006   -0.00000014    0.00000000    0.00002137   -0.00000029
     916   -0.00000018   -0.00000001   -0.00000086   -0.00000000   -0.00038970   -0.00000015
     917    0.00000107   -0.00000005    0.00000166    0.00000000    0.00000358   -0.00000010
     918   -0.00000094    0.00000000   -0.00000003    0.00000000   -0.00060720   -0.00000015
     919    0.00000008   -0.00000009    0.00000016   -0.00000001   -0.00001290   -0.00000056
     920   -0.00000077   -0.00000005   -0.00000043    0.00000001    0.00003822   -0.00000062
     921    0.00000027   -0.00000003    0.00000000   -0.00000001    0.00010199   -0.00000017
     922   -0.00000110    0.00000001    0.00000064   -0.00000000    0.00010379   -0.00000014
     923    0.00000014   -0.00000009   -0.00000080   -0.00000002    0.00017448   -0.00000055
     924    0.00000057   -0.00000005    0.00000092    0.00000001   -0.00018692   -0.00000027
     925    0.00000054   -0.00000002   -0.00000070    0.00000001   -0.00005087   -0.00000010
     926    0.00000017   -0.00000005   -0.00000002   -0.00000000    0.00019226   -0.00000036
     927   -0.00000097    0.00000002   -0.00000043   -0.00000000   -0.00008630   -0.00000003
     928    0.00000067   -0.00000006    0.00000044   -0.00000000   -0.00032680   -0.00000025
     929   -0.00000011   -0.00000006    0.00000054    0.00000001   -0.00018456   -0.00000032
     930   -0.00000042    0.00000001   -0.00000008    0.00000001    0.00056811    0.00000005
     931    0.00000004    0.00000000   -0.00000156   -0.00000001    0.00052906    0.00000003
     932    0.00000029   -0.00000007    0.00000028   -0.00000000   -0.00025819   -0.00000048
     933   -0.00000086    0.00000002   -0.00000010    0.00000001   -0.00036351   -0.00000012
     934   -0.00000064   -0.00000001    0.00000058   -0.00000001    0.00008228   -0.00000018
     935    0.00000027   -0.00000007    0.00000014   -0.00000001   -0.00028483   -0.00000040
     936    0.00000025   -0.00000004   -0.00000020   -0.00000000   -0.00005185   -0.00000016
     937   -0.00000005    0.00000001   -0.00000069    0.00000000    0.00060680    0.00000009
     938    0.00000137   -0.00000005    0.00000006    0.00000001   -0.00023206   -0.00000014
     939   -0.00000059   -0.00000007    0.00000179    0.00000000   -0.00001872   -0.00000062
     940   -0.00000085   -0.00000003   -0.00000020    0.00000001    0.00011862   -0.00000033
     941    0.00000008    0.00000001    0.00000006   -0.00000001    0.00028811    0.00000004
     942   -0.00000015   -0.00000004   -0.00000019   -0.00000000   -0.00019647   -0.00000027
     943   -0.00000001   -0.00000002   -0.00000061   -0.00000001   -0.00053627   -0.00000008
     944    0.00000117   -0.00000003    0.00000027    0.00000000    0.00013941    0.00000004
     945   -0.00000047   -0.00000007    0.00000011   -0.00000000   -0.00006755   -0.00000061
     946   -0.00000002   -0.00000003   -0.00000138   -0.00000000   -0.00022565   -0.00000028
     947    0.00000039   -0.00000006   -0.00000085    0.00000000   -0.00043492   -0.00000027
     948    0.00000020    0.00000002    0.00000044   -0.00000000    0.00045360    0.00000012
     949   -0.00000080   -0.00000006    0.00000035   -0.00000001    0.00018469   -0.00000063
     950   -0.00000054   -0.00000007   -0.00000010   -0.00000001    0.00004279   -0.00000050
     951   -0.00000057   -0.00000004    0.00000019    0.00000000    0.00012653   -0.00000035
     952   -0.00000028    0.00000002   -0.00000026   -0.00000001    0.00013927    0.00000003
     953    0.00000081   -0.00000007   -0.00000011   -0.00000001   -0.00011915   -0.00000028
     954    0.00000056   -0.00000011    0.00000055   -0.00000001    0.00003524   -0.00000066
     955   -0.00000086    0.00000002   -0.00000128   -0.00000000    0.00032001   -0.00000001
     956   -0.00000126    0.00000001   -0.00000023   -0.00000000    0.00008656   -0.00000020
     957   -0.00000057   -0.00000005   -0.00000008    0.00000000   -0.00007274   -0.00000043
     958    0.00000077   -0.00000004    0.00000038   -0.00000000    0.00010137   -0.00000018
     959   -0.00000070    0.00000003    0.00000137   -0.00000000    0.00029010    0.00000003
     960    0.00000007   -0.00000003    0.00000027   -0.00000000   -0.00018982   -0.00000025
     961    0.00000006   -0.00000007   -0.00000006    0.00000000   -0.00021212   -0.00000051
     962    0.00000018   -0.00000002    0.00000038    0.00000000   -0.00034674   -0.00000014
     963    0.00000002   -0.00000005   -0.00000127    0.00000002   -0.00011023   -0.00000034
     964    0.00000042   -0.00000008   -0.00000077    0.00000000   -0.00030934   -0.00000041
     965   -0.00000013   -0.00000004    0.00000017   -0.00000000   -0.00043315   -0.00000028
     966   -0.00000001   -0.00000008   -0.00000043    0.00000000   -0.00017947   -0.00000047
     967    0.00000057   -0.00000004   -0.00000010   -0.00000000   -0.00018963   -0.00000025
     968   -0.00000081   -0.00000006   -0.00000024   -0.00000000   -0.00017369   -0.00000059
     969   -0.00000045    0.00000003    0.00000071   -0.00000000    0.00050930    0.00000013
     970    0.00000002   -0.00000002    0.00000085   -0.00000000   -0.00013497   -0.00000014
     971    0.00000035   -0.00000004    0.00000012    0.00000000    0.00008424   -0.00000019
     972    0.00000070   -0.00000007   -0.00000045   -0.00000000   -0.00031390   -0.00000040
     973   -0.00000038   -0.00000008   -0.00000043    0.00000000   -0.00006632   -0.00000061
     974   -0.00000144    0.00000002   -0.00000044   -0.00000001    0.00026595   -0.00000021
     975   -0.00000030   -0.00000002   -0.00000017   -0.00000001    0.00001907   -0.00000023
     976    0.00000094   -0.00000009    0.00000021   -0.00000000   -0.00002560   -0.00000043
     977   -0.00000017   -0.00000002    0.00000079   -0.00000001    0.00040577   -0.00000015
     978   -0.00000053   -0.00000006   -0.00000027    0.00000000   -0.00016176   -0.00000048
     979   -0.00000086   -0.00000001    0.00000068    0.00000001   -0.00039339   -0.00000017
     980   -0.00000036   -0.00000006    0.00000078    0.00000001    0.00017425   -0.00000054
     981    0.00000070   -0.00000004   -0.00000022   -0.00000001   -0.00039855   -0.00000017
     982   -0.00000079    0.00000001    0.00000126   -0.00000001    0.00016330   -0.00000009
     983   -0.00000000   -0.00000000    0.00000011   -0.00000001    0.00049624   -0.00000003
     984    0.00000024   -0.00000000   -0.00000015    0.00000001   -0.00080881   -0.00000004
     985    0.00000015    0.00000002    0.00000041    0.00000001    0.00028396    0.00000006
     986   -0.00000021   -0.00000001    0.00000100    0.00000001   -0.00072470   -0.00000013
     987    0.00000049   -0.00000007    0.00000045   -0.00000001   -0.00031179   -0.00000041
     988    0.00000058   -0.00000009   -0.00000014    0.00000001    0.00017324   -0.00000051
     989   -0.00000039    0.00000002   -0.00000069   -0.00000001    0.00029410    0.00000003
     990    0.00000051   -0.00000004    0.00000094   -0.00000000    0.00010188   -0.00000018
     991    0.00000057   -0.00000010    0.00000160    0.00000001   -0.00002038   -0.00000058
     992    0.00000008   -0.00000004    0.00000062    0.00000000   -0.00041052   -0.00000025
     993    0.00000073   -0.00000005   -0.00000050    0.00000000   -0.00037614   -0.00000020
     994    0.00000094   -0.00000003    0.00000024   -0.00000000    0.00067797   -0.00000002
     995    0.00000080   -0.00000008   -0.00000051   -0.00000000   -0.00021930   -0.00000044
     996    0.00000087   -0.00000006   -0.00000024   -0.00000000   -0.00012218   -0.00000023
     997   -0.00000021   -0.00000010    0.00000072   -0.00000000    0.00018230   -0.00000065
     998   -0.00000065   -0.00000005    0.00000107    0.00000000   -0.00016038   -0.00000044
     999    0.00000014   -0.00000002    0.00000017   -0.00000001   -0.00014591   -0.00000019
    1000    0.00000074   -0.00000000   -0.00000016    0.00000001    0.00024233    0.00000017
